7758
	6237
7759
	6237
	6275
7760
	6271
	6272
	6276
	6277
	6279
7761
	6272
	6275
	6276
	6277
	6279
7762
	6266
	6270
	6271
	6272
	6274
	6275
	6276
	6278
	6279
7763
	6240
	6258
	6259
	6260
	6261
	6263
	6265
	6266
	6267
	6272
	6278
	6279
7764
	6239
	6256
	6260
	6262
	6263
	6265
	6266
	6269
	6270
	6271
	6274
	6275
7765
	6241
	6242
	6251
	6254
	6255
	6257
	6258
	6259
	6260
	6262
	6264
	6266
	6267
	6268
	6269
	6271
	6273
	6274
	6276
	6277
	6279
7766
	6239
	6240
	6241
	6243
	6244
	6248
	6251
	6261
	6264
	6271
	6272
	6275
	6276
	6277
	6278
	6279
	6280
7767
	6239
	6240
	6246
	6249
	6250
	6254
	6255
	6256
	6257
	6265
	6266
	6267
	6268
	6269
	6271
	6276
	6277
	6278
	6279
7768
	6240
	6244
	6245
	6246
	6247
	6249
	6251
	6252
	6253
	6254
	6258
	6259
	6263
	6264
	6269
	6273
	6274
	6275
7769
	6238
	6239
	6240
	6243
	6244
	6247
	6248
	6249
	6250
	6251
	6252
	6253
	6256
	6259
	6260
	6261
	6262
	6266
	6269
	6270
	6271
	6273
	6275
	6278
7770
	6237
	6239
	6240
	6241
	6245
	6246
	6249
	6250
	6252
	6256
	6260
	6261
	6262
	6267
	6269
	6272
	6274
	6275
	6278
7771
	6236
	6237
	6238
	6239
	6240
	6241
	6243
	6245
	6248
	6249
	6250
	6251
	6254
	6255
	6256
	6257
	6260
	6262
	6263
	6264
	6265
	6266
	6267
	6268
	6269
	6270
	6274
	6276
	6279
	6282
	6283
7772
	6235
	6236
	6240
	6241
	6242
	6243
	6246
	6247
	6248
	6249
	6251
	6252
	6254
	6255
	6257
	6259
	6264
	6265
	6269
	6271
	6273
	6274
	6278
	6283
	6284
	6293
	6295
7773
	6234
	6240
	6241
	6242
	6247
	6248
	6249
	6250
	6251
	6254
	6255
	6256
	6260
	6261
	6262
	6264
	6265
	6269
	6270
	6273
	6274
	6275
	6276
	6279
	6285
	6286
	6288
	6293
	6294
7774
	6231
	6235
	6236
	6237
	6238
	6239
	6240
	6241
	6243
	6244
	6246
	6247
	6248
	6250
	6251
	6252
	6253
	6255
	6256
	6262
	6263
	6264
	6265
	6266
	6267
	6269
	6273
	6279
	6280
	6284
	6287
	6288
	6291
	6294
	6295
7775
	6231
	6234
	6236
	6237
	6238
	6239
	6240
	6242
	6245
	6250
	6251
	6254
	6255
	6256
	6257
	6260
	6261
	6262
	6266
	6270
	6273
	6274
	6276
	6277
	6278
	6279
	6283
	6284
	6285
	6286
	6287
	6290
	6293
	6294
7776
	6229
	6231
	6232
	6234
	6236
	6237
	6240
	6241
	6243
	6245
	6246
	6249
	6250
	6251
	6252
	6256
	6257
	6259
	6262
	6263
	6265
	6267
	6273
	6275
	6277
	6279
	6281
	6283
	6286
	6287
	6292
	6293
7777
	6229
	6233
	6237
	6238
	6239
	6243
	6244
	6245
	6250
	6251
	6252
	6255
	6260
	6261
	6263
	6265
	6266
	6267
	6269
	6270
	6271
	6273
	6274
	6275
	6282
	6283
	6284
	6285
	6290
	6291
	6294
7778
	6223
	6224
	6229
	6231
	6237
	6239
	6240
	6242
	6245
	6249
	6251
	6252
	6253
	6254
	6255
	6257
	6259
	6261
	6262
	6263
	6264
	6268
	6271
	6272
	6275
	6276
	6280
	6281
	6283
	6286
	6287
	6292
	6294
7779
	6220
	6221
	6223
	6224
	6226
	6227
	6228
	6231
	6232
	6233
	6235
	6236
	6237
	6238
	6239
	6242
	6243
	6244
	6245
	6246
	6248
	6249
	6250
	6257
	6258
	6263
	6264
	6265
	6266
	6267
	6281
	6282
	6283
	6285
	6286
	6287
	6290
	6291
	6293
7780
	6216
	6217
	6221
	6222
	6224
	6225
	6229
	6231
	6232
	6233
	6234
	6235
	6236
	6238
	6243
	6245
	6247
	6250
	6253
	6256
	6257
	6259
	6263
	6265
	6267
	6271
	6276
	6278
	6279
	6281
	6286
	6287
	6292
	6294
7781
	6215
	6216
	6217
	6220
	6224
	6225
	6229
	6230
	6231
	6233
	6234
	6236
	6237
	6239
	6240
	6241
	6242
	6243
	6245
	6251
	6252
	6254
	6255
	6258
	6259
	6261
	6262
	6263
	6264
	6265
	6268
	6271
	6276
	6277
	6278
	6279
	6280
	6281
	6282
	6283
	6284
	6287
	6288
	6290
	6291
	6292
7782
	6211
	6214
	6215
	6218
	6226
	6227
	6228
	6229
	6230
	6231
	6233
	6234
	6236
	6238
	6239
	6244
	6246
	6249
	6250
	6252
	6255
	6256
	6257
	6258
	6261
	6262
	6265
	6267
	6269
	6270
	6271
	6273
	6274
	6278
	6279
	6280
	6281
	6288
	6290
	6293
	6375
7783
	6208
	6213
	6214
	6215
	6217
	6218
	6219
	6221
	6222
	6223
	6224
	6225
	6227
	6229
	6230
	6231
	6234
	6240
	6241
	6243
	6246
	6249
	6251
	6258
	6262
	6263
	6266
	6268
	6276
	6277
	6278
	6280
	6283
	6284
	6285
	6286
	6289
	6291
	6373
	6376
7784
	6208
	6212
	6213
	6214
	6215
	6216
	6219
	6220
	6222
	6223
	6224
	6227
	6230
	6231
	6232
	6234
	6235
	6236
	6237
	6238
	6240
	6241
	6242
	6243
	6245
	6247
	6248
	6249
	6250
	6253
	6256
	6257
	6260
	6265
	6267
	6269
	6271
	6272
	6273
	6277
	6279
	6282
	6286
	6287
	6291
	6373
	6376
	6377
7785
	6209
	6212
	6213
	6215
	6216
	6220
	6222
	6223
	6226
	6229
	6230
	6233
	6235
	6236
	6238
	6239
	6240
	6241
	6242
	6244
	6248
	6249
	6250
	6251
	6253
	6254
	6255
	6259
	6260
	6262
	6263
	6267
	6268
	6275
	6276
	6278
	6281
	6282
	6284
	6285
	6286
	6287
	6289
	6369
	6371
	6372
	6374
	6377
7786
	6204
	6206
	6209
	6214
	6218
	6219
	6220
	6221
	6222
	6226
	6227
	6228
	6230
	6235
	6237
	6238
	6239
	6240
	6241
	6242
	6243
	6244
	6246
	6247
	6248
	6254
	6256
	6258
	6263
	6264
	6266
	6267
	6268
	6271
	6274
	6275
	6276
	6277
	6278
	6279
	6280
	6281
	6284
	6285
	6288
	6290
	6365
	6366
	6367
	6369
	6372
	6374
	6375
7787
	6096
	6188
	6189
	6191
	6198
	6199
	6201
	6202
	6203
	6205
	6209
	6211
	6214
	6216
	6219
	6220
	6221
	6223
	6226
	6227
	6229
	6231
	6236
	6237
	6238
	6240
	6241
	6242
	6243
	6245
	6248
	6251
	6252
	6253
	6256
	6257
	6258
	6259
	6260
	6263
	6265
	6267
	6268
	6269
	6270
	6271
	6282
	6284
	6285
	6287
	6290
	6358
	6359
	6367
	6371
	6375
7788
	6090
	6091
	6094
	6095
	6096
	6099
	6184
	6185
	6188
	6189
	6191
	6194
	6197
	6201
	6203
	6204
	6206
	6208
	6209
	6213
	6217
	6218
	6219
	6221
	6223
	6226
	6227
	6229
	6230
	6232
	6233
	6236
	6237
	6239
	6240
	6244
	6245
	6247
	6249
	6250
	6251
	6253
	6255
	6258
	6260
	6262
	6263
	6266
	6267
	6269
	6271
	6273
	6274
	6275
	6277
	6278
	6279
	6281
	6283
	6285
	6286
	6288
	6289
	6291
	6292
	6320
	6321
	6322
	6323
	6359
	6360
	6361
	6362
	6365
	6366
	6371
	6373
7789
	6088
	6092
	6095
	6097
	6099
	6100
	6180
	6183
	6187
	6188
	6192
	6194
	6197
	6199
	6208
	6210
	6211
	6212
	6214
	6219
	6220
	6224
	6225
	6230
	6233
	6234
	6236
	6237
	6238
	6239
	6244
	6247
	6248
	6249
	6251
	6254
	6255
	6256
	6257
	6259
	6261
	6262
	6264
	6266
	6269
	6273
	6275
	6276
	6277
	6278
	6279
	6280
	6282
	6283
	6286
	6287
	6318
	6323
	6324
	6355
	6356
	6357
	6358
	6360
	6364
	6366
	6367
	6368
7790
	6092
	6093
	6096
	6098
	6099
	6102
	6105
	6176
	6177
	6178
	6180
	6181
	6182
	6184
	6186
	6187
	6189
	6194
	6196
	6199
	6200
	6202
	6204
	6206
	6208
	6209
	6210
	6213
	6214
	6215
	6217
	6218
	6219
	6220
	6223
	6224
	6225
	6226
	6227
	6228
	6229
	6231
	6233
	6234
	6235
	6236
	6243
	6248
	6249
	6250
	6252
	6253
	6254
	6255
	6259
	6264
	6266
	6267
	6268
	6269
	6271
	6272
	6274
	6276
	6277
	6278
	6279
	6280
	6281
	6287
	6288
	6291
	6292
	6293
	6294
	6316
	6318
	6319
	6320
	6322
	6323
	6324
	6341
	6343
	6353
	6354
	6357
	6358
	6359
	6360
	6361
	6362
	6363
	6365
	6366
	6367
	6368
	6371
7791
	6087
	6091
	6093
	6099
	6100
	6101
	6102
	6103
	6104
	6107
	6108
	6111
	6112
	6174
	6176
	6177
	6178
	6179
	6181
	6182
	6189
	6191
	6192
	6193
	6194
	6195
	6196
	6197
	6198
	6199
	6200
	6202
	6204
	6206
	6207
	6208
	6209
	6210
	6211
	6214
	6215
	6217
	6221
	6222
	6223
	6225
	6226
	6228
	6229
	6230
	6232
	6234
	6235
	6238
	6240
	6241
	6244
	6245
	6248
	6251
	6252
	6253
	6254
	6260
	6264
	6265
	6266
	6267
	6268
	6269
	6271
	6274
	6276
	6277
	6278
	6280
	6281
	6283
	6285
	6286
	6287
	6290
	6292
	6293
	6295
	6296
	6297
	6299
	6312
	6315
	6321
	6323
	6327
	6330
	6331
	6335
	6336
	6337
	6339
	6342
	6345
	6349
	6350
	6351
	6355
	6356
	6358
	6359
	6360
	6362
	6364
	6365
	6368
	6370
	6371
	6372
	6373
7792
	6088
	6090
	6092
	6094
	6096
	6098
	6099
	6101
	6102
	6104
	6109
	6111
	6112
	6113
	6115
	6116
	6120
	6170
	6171
	6172
	6173
	6175
	6176
	6182
	6187
	6188
	6189
	6190
	6192
	6193
	6195
	6196
	6201
	6202
	6203
	6205
	6206
	6209
	6210
	6212
	6214
	6216
	6217
	6219
	6220
	6221
	6223
	6225
	6226
	6229
	6233
	6234
	6235
	6236
	6238
	6239
	6240
	6241
	6243
	6246
	6247
	6248
	6251
	6254
	6260
	6263
	6264
	6265
	6266
	6268
	6270
	6273
	6274
	6277
	6278
	6280
	6281
	6283
	6284
	6288
	6292
	6293
	6295
	6298
	6299
	6303
	6304
	6306
	6307
	6308
	6310
	6311
	6312
	6315
	6317
	6323
	6325
	6328
	6329
	6331
	6333
	6335
	6336
	6338
	6340
	6341
	6344
	6348
	6351
	6352
	6355
	6356
	6358
	6360
	6361
	6362
	6365
	6371
	6372
	6373
7793
	6088
	6090
	6091
	6093
	6094
	6095
	6097
	6099
	6100
	6102
	6104
	6105
	6106
	6107
	6109
	6110
	6112
	6113
	6114
	6115
	6116
	6120
	6121
	6162
	6163
	6164
	6168
	6172
	6173
	6175
	6179
	6180
	6182
	6185
	6186
	6187
	6190
	6191
	6194
	6196
	6197
	6198
	6199
	6200
	6202
	6203
	6205
	6207
	6209
	6210
	6211
	6212
	6213
	6216
	6217
	6220
	6223
	6224
	6225
	6226
	6228
	6229
	6230
	6232
	6233
	6234
	6237
	6239
	6240
	6242
	6243
	6244
	6245
	6248
	6249
	6252
	6254
	6255
	6256
	6258
	6259
	6260
	6262
	6263
	6265
	6266
	6268
	6269
	6271
	6272
	6274
	6278
	6282
	6283
	6284
	6285
	6287
	6289
	6295
	6296
	6299
	6300
	6302
	6303
	6304
	6306
	6308
	6309
	6310
	6311
	6313
	6314
	6315
	6317
	6318
	6319
	6321
	6322
	6323
	6325
	6328
	6331
	6332
	6334
	6335
	6336
	6338
	6340
	6341
	6344
	6349
	6350
	6351
	6352
	6353
	6359
	6362
	6364
	6365
	6372
7794
	6087
	6088
	6090
	6093
	6095
	6098
	6099
	6100
	6101
	6105
	6107
	6109
	6110
	6112
	6115
	6119
	6121
	6125
	6126
	6127
	6128
	6159
	6161
	6166
	6168
	6169
	6170
	6171
	6174
	6178
	6179
	6181
	6182
	6183
	6185
	6188
	6190
	6191
	6192
	6194
	6195
	6196
	6197
	6200
	6201
	6203
	6204
	6205
	6208
	6209
	6210
	6215
	6218
	6219
	6220
	6222
	6223
	6227
	6229
	6230
	6231
	6232
	6234
	6235
	6236
	6237
	6238
	6242
	6245
	6248
	6250
	6251
	6253
	6257
	6261
	6265
	6266
	6271
	6275
	6276
	6280
	6281
	6282
	6284
	6287
	6292
	6293
	6294
	6296
	6300
	6301
	6302
	6304
	6305
	6306
	6308
	6309
	6310
	6311
	6312
	6313
	6314
	6323
	6327
	6329
	6333
	6335
	6336
	6339
	6340
	6343
	6344
	6346
	6350
	6352
	6355
	6361
	6362
	6364
	6365
	6369
	6370
	6372
7795
	6083
	6085
	6088
	6089
	6090
	6091
	6092
	6093
	6096
	6097
	6098
	6101
	6106
	6107
	6109
	6111
	6113
	6114
	6115
	6117
	6118
	6119
	6120
	6123
	6124
	6125
	6126
	6129
	6130
	6131
	6132
	6154
	6157
	6158
	6164
	6167
	6168
	6173
	6176
	6177
	6178
	6179
	6180
	6182
	6183
	6184
	6186
	6190
	6191
	6193
	6194
	6196
	6203
	6204
	6207
	6209
	6210
	6212
	6216
	6218
	6220
	6222
	6224
	6225
	6226
	6228
	6229
	6230
	6231
	6233
	6235
	6237
	6238
	6239
	6240
	6244
	6247
	6250
	6252
	6253
	6254
	6255
	6257
	6259
	6263
	6265
	6267
	6268
	6273
	6274
	6277
	6278
	6280
	6281
	6282
	6284
	6285
	6286
	6287
	6290
	6291
	6292
	6294
	6304
	6305
	6306
	6307
	6308
	6312
	6313
	6314
	6315
	6316
	6321
	6327
	6328
	6330
	6341
	6343
	6344
	6345
	6346
	6347
	6349
	6351
	6352
	6353
	6354
	6355
	6356
	6357
	6358
	6359
	6361
	6362
	6363
	6364
	6367
	6369
	6370
	6372
7796
	6082
	6084
	6086
	6087
	6088
	6089
	6094
	6095
	6096
	6097
	6099
	6100
	6101
	6102
	6107
	6108
	6109
	6111
	6115
	6121
	6122
	6123
	6125
	6130
	6132
	6150
	6153
	6154
	6156
	6157
	6159
	6160
	6162
	6165
	6166
	6167
	6170
	6171
	6172
	6173
	6177
	6178
	6179
	6180
	6182
	6183
	6184
	6185
	6187
	6189
	6195
	6196
	6197
	6198
	6200
	6201
	6204
	6205
	6206
	6210
	6211
	6213
	6214
	6216
	6217
	6219
	6220
	6222
	6226
	6227
	6230
	6234
	6236
	6237
	6242
	6244
	6247
	6249
	6251
	6253
	6258
	6262
	6265
	6268
	6269
	6271
	6272
	6273
	6274
	6278
	6279
	6282
	6284
	6286
	6289
	6291
	6292
	6293
	6294
	6298
	6300
	6301
	6306
	6308
	6309
	6312
	6313
	6314
	6318
	6319
	6323
	6324
	6326
	6327
	6335
	6337
	6341
	6343
	6345
	6347
	6348
	6349
	6350
	6355
	6356
	6358
	6359
	6360
	6361
	6365
	6368
	6372
7797
	6080
	6081
	6083
	6084
	6085
	6087
	6088
	6094
	6096
	6097
	6099
	6103
	6104
	6107
	6110
	6112
	6114
	6115
	6117
	6119
	6123
	6126
	6127
	6128
	6131
	6133
	6134
	6135
	6136
	6138
	6139
	6149
	6150
	6152
	6153
	6157
	6158
	6160
	6162
	6164
	6165
	6167
	6169
	6173
	6174
	6175
	6177
	6180
	6183
	6184
	6187
	6189
	6191
	6193
	6194
	6199
	6200
	6203
	6204
	6206
	6210
	6211
	6214
	6215
	6217
	6218
	6220
	6223
	6224
	6226
	6228
	6231
	6234
	6237
	6238
	6241
	6243
	6245
	6247
	6248
	6252
	6253
	6256
	6258
	6259
	6260
	6262
	6263
	6265
	6266
	6267
	6268
	6271
	6272
	6273
	6276
	6278
	6279
	6280
	6282
	6287
	6289
	6295
	6297
	6298
	6299
	6301
	6302
	6304
	6305
	6307
	6318
	6320
	6323
	6326
	6328
	6330
	6331
	6334
	6336
	6338
	6339
	6340
	6341
	6345
	6348
	6351
	6353
	6354
	6358
	6359
	6362
	6363
	6364
	6365
	6369
	6370
	6372
7798
	6079
	6080
	6082
	6086
	6087
	6090
	6091
	6092
	6096
	6097
	6103
	6104
	6105
	6106
	6109
	6110
	6114
	6115
	6117
	6124
	6125
	6128
	6131
	6132
	6134
	6135
	6136
	6137
	6139
	6142
	6144
	6145
	6146
	6148
	6150
	6151
	6153
	6156
	6158
	6159
	6166
	6168
	6170
	6171
	6173
	6174
	6178
	6179
	6185
	6187
	6189
	6190
	6191
	6193
	6194
	6196
	6197
	6200
	6202
	6203
	6204
	6205
	6206
	6208
	6209
	6211
	6212
	6213
	6214
	6216
	6217
	6219
	6222
	6224
	6225
	6229
	6230
	6231
	6232
	6233
	6241
	6243
	6245
	6247
	6248
	6251
	6254
	6255
	6258
	6259
	6262
	6263
	6264
	6266
	6267
	6268
	6269
	6270
	6274
	6275
	6278
	6281
	6282
	6283
	6284
	6285
	6286
	6287
	6288
	6289
	6291
	6297
	6298
	6299
	6302
	6303
	6304
	6305
	6306
	6314
	6315
	6316
	6317
	6321
	6328
	6329
	6332
	6334
	6335
	6340
	6344
	6345
	6347
	6348
	6349
	6350
	6351
	6353
	6354
	6356
	6358
	6360
	6365
	6369
	6370
7799
	6078
	6080
	6085
	6087
	6088
	6089
	6092
	6094
	6095
	6096
	6098
	6102
	6105
	6106
	6109
	6110
	6111
	6113
	6117
	6122
	6125
	6126
	6129
	6138
	6144
	6145
	6147
	6149
	6155
	6158
	6162
	6163
	6165
	6167
	6168
	6169
	6171
	6172
	6175
	6176
	6178
	6179
	6183
	6185
	6188
	6190
	6191
	6192
	6195
	6196
	6197
	6198
	6199
	6200
	6201
	6202
	6205
	6206
	6207
	6208
	6209
	6214
	6220
	6222
	6223
	6227
	6228
	6229
	6230
	6231
	6232
	6234
	6237
	6241
	6244
	6246
	6247
	6249
	6251
	6252
	6253
	6254
	6255
	6257
	6260
	6261
	6262
	6263
	6266
	6269
	6270
	6273
	6276
	6277
	6280
	6281
	6282
	6283
	6284
	6285
	6286
	6287
	6290
	6291
	6296
	6298
	6299
	6307
	6313
	6316
	6318
	6319
	6324
	6328
	6330
	6331
	6333
	6334
	6337
	6341
	6342
	6345
	6347
	6348
	6349
	6351
	6352
	6353
	6356
	6357
	6358
	6362
	6365
	6366
	6367
	6369
	6370
7800
	6080
	6082
	6083
	6084
	6085
	6092
	6093
	6094
	6096
	6098
	6099
	6100
	6104
	6111
	6113
	6116
	6117
	6119
	6123
	6127
	6128
	6133
	6134
	6136
	6138
	6140
	6144
	6147
	6148
	6149
	6151
	6153
	6156
	6159
	6161
	6162
	6164
	6165
	6168
	6169
	6170
	6171
	6173
	6174
	6175
	6176
	6178
	6179
	6180
	6181
	6183
	6185
	6186
	6187
	6190
	6191
	6193
	6196
	6197
	6202
	6203
	6205
	6207
	6211
	6213
	6214
	6216
	6219
	6220
	6222
	6223
	6224
	6226
	6227
	6228
	6229
	6231
	6233
	6234
	6235
	6242
	6243
	6244
	6245
	6246
	6250
	6252
	6253
	6254
	6257
	6258
	6262
	6263
	6264
	6266
	6267
	6268
	6269
	6270
	6272
	6273
	6274
	6276
	6277
	6278
	6279
	6282
	6288
	6289
	6291
	6292
	6293
	6300
	6306
	6307
	6311
	6312
	6313
	6317
	6320
	6322
	6326
	6327
	6331
	6334
	6335
	6337
	6339
	6340
	6341
	6343
	6345
	6347
	6348
	6349
	6350
	6351
	6355
	6356
	6360
	6362
	6363
	6364
	6365
	6366
	6367
	6368
	6370
7801
	6080
	6082
	6084
	6085
	6086
	6087
	6088
	6089
	6090
	6092
	6096
	6097
	6101
	6102
	6104
	6108
	6110
	6111
	6116
	6117
	6118
	6120
	6124
	6125
	6126
	6127
	6133
	6134
	6136
	6138
	6139
	6143
	6144
	6146
	6148
	6149
	6151
	6152
	6153
	6154
	6156
	6157
	6159
	6163
	6165
	6168
	6169
	6170
	6172
	6174
	6175
	6176
	6177
	6178
	6181
	6182
	6183
	6184
	6185
	6192
	6196
	6198
	6202
	6207
	6209
	6210
	6211
	6215
	6217
	6218
	6225
	6230
	6231
	6233
	6234
	6235
	6237
	6239
	6243
	6245
	6246
	6249
	6252
	6253
	6256
	6258
	6259
	6263
	6265
	6266
	6269
	6271
	6274
	6275
	6277
	6278
	6281
	6282
	6283
	6284
	6288
	6292
	6293
	6294
	6296
	6299
	6300
	6303
	6309
	6310
	6315
	6316
	6318
	6319
	6320
	6321
	6322
	6324
	6326
	6327
	6329
	6330
	6336
	6339
	6340
	6351
	6353
	6355
	6356
	6358
	6359
	6360
	6362
	6363
	6364
	6366
	6367
	6368
	6370
7802
	6079
	6082
	6084
	6086
	6087
	6090
	6091
	6093
	6094
	6095
	6098
	6100
	6109
	6110
	6111
	6112
	6114
	6116
	6117
	6119
	6121
	6123
	6126
	6127
	6129
	6132
	6133
	6134
	6138
	6143
	6146
	6147
	6148
	6150
	6151
	6152
	6153
	6156
	6157
	6159
	6162
	6164
	6165
	6166
	6167
	6168
	6170
	6171
	6172
	6173
	6174
	6177
	6178
	6181
	6182
	6183
	6185
	6186
	6189
	6192
	6195
	6199
	6202
	6206
	6207
	6208
	6212
	6213
	6214
	6215
	6216
	6218
	6220
	6221
	6222
	6224
	6226
	6228
	6229
	6230
	6232
	6235
	6236
	6238
	6239
	6250
	6251
	6254
	6258
	6260
	6261
	6262
	6265
	6269
	6270
	6272
	6273
	6275
	6279
	6280
	6284
	6286
	6288
	6290
	6295
	6296
	6298
	6304
	6307
	6314
	6315
	6318
	6319
	6320
	6321
	6333
	6334
	6337
	6338
	6345
	6351
	6352
	6355
	6358
	6359
	6361
	6362
	6365
	6366
	6369
	6370
7803
	6078
	6079
	6082
	6087
	6089
	6090
	6091
	6093
	6094
	6096
	6097
	6099
	6109
	6111
	6112
	6114
	6116
	6120
	6122
	6124
	6125
	6134
	6138
	6140
	6141
	6144
	6146
	6147
	6148
	6150
	6152
	6154
	6158
	6159
	6164
	6167
	6168
	6174
	6175
	6177
	6179
	6183
	6184
	6185
	6186
	6188
	6191
	6192
	6201
	6205
	6206
	6207
	6208
	6212
	6215
	6217
	6218
	6221
	6222
	6223
	6224
	6230
	6232
	6233
	6235
	6236
	6238
	6246
	6249
	6251
	6253
	6258
	6259
	6260
	6262
	6267
	6272
	6274
	6282
	6284
	6286
	6289
	6291
	6294
	6295
	6296
	6300
	6302
	6304
	6306
	6307
	6311
	6312
	6314
	6315
	6318
	6319
	6321
	6327
	6328
	6330
	6335
	6340
	6341
	6343
	6345
	6346
	6348
	6349
	6350
	6351
	6353
	6354
	6355
	6358
	6359
	6360
	6362
	6363
	6365
	6366
	6368
	6370
7804
	6077
	6078
	6079
	6081
	6082
	6084
	6086
	6091
	6092
	6099
	6100
	6104
	6106
	6107
	6109
	6110
	6113
	6115
	6116
	6117
	6118
	6120
	6121
	6125
	6126
	6127
	6128
	6132
	6136
	6140
	6143
	6145
	6148
	6150
	6152
	6153
	6156
	6157
	6158
	6159
	6165
	6166
	6167
	6168
	6172
	6173
	6174
	6175
	6177
	6179
	6182
	6184
	6185
	6187
	6189
	6190
	6193
	6197
	6198
	6199
	6200
	6202
	6204
	6207
	6208
	6209
	6210
	6211
	6212
	6213
	6215
	6218
	6220
	6222
	6223
	6224
	6225
	6228
	6229
	6230
	6231
	6232
	6233
	6236
	6237
	6240
	6247
	6249
	6250
	6251
	6255
	6256
	6258
	6259
	6261
	6262
	6270
	6273
	6274
	6276
	6277
	6279
	6284
	6285
	6289
	6291
	6293
	6294
	6297
	6298
	6300
	6303
	6304
	6306
	6307
	6309
	6310
	6313
	6315
	6317
	6318
	6319
	6320
	6321
	6322
	6326
	6327
	6328
	6330
	6331
	6332
	6333
	6335
	6338
	6339
	6340
	6341
	6344
	6345
	6347
	6348
	6349
	6351
	6353
	6354
	6355
	6356
	6357
	6358
	6359
	6361
	6362
	6366
	6367
	6368
	6369
	6370
	6371
7805
	6078
	6079
	6083
	6085
	6087
	6088
	6091
	6097
	6098
	6100
	6102
	6103
	6105
	6107
	6108
	6109
	6110
	6113
	6115
	6116
	6119
	6121
	6123
	6125
	6129
	6130
	6132
	6136
	6138
	6141
	6142
	6146
	6147
	6148
	6149
	6154
	6155
	6158
	6165
	6166
	6171
	6172
	6174
	6177
	6181
	6182
	6183
	6184
	6185
	6189
	6190
	6192
	6193
	6194
	6195
	6196
	6197
	6199
	6200
	6202
	6203
	6205
	6207
	6210
	6211
	6214
	6215
	6216
	6217
	6218
	6219
	6222
	6223
	6224
	6227
	6228
	6229
	6230
	6231
	6232
	6233
	6234
	6236
	6237
	6240
	6241
	6244
	6253
	6256
	6258
	6259
	6261
	6262
	6264
	6265
	6267
	6270
	6272
	6274
	6275
	6276
	6278
	6280
	6282
	6287
	6291
	6293
	6294
	6295
	6296
	6298
	6299
	6302
	6303
	6304
	6308
	6310
	6314
	6315
	6316
	6317
	6319
	6320
	6321
	6322
	6323
	6324
	6325
	6326
	6327
	6328
	6329
	6331
	6332
	6333
	6335
	6336
	6337
	6338
	6341
	6343
	6351
	6352
	6353
	6356
	6360
	6361
	6362
	6365
	6366
	6367
	6369
	6371
7806
	6077
	6078
	6079
	6080
	6086
	6088
	6089
	6090
	6095
	6099
	6100
	6102
	6104
	6106
	6108
	6109
	6110
	6111
	6112
	6113
	6116
	6117
	6120
	6121
	6125
	6126
	6127
	6130
	6134
	6137
	6138
	6141
	6142
	6143
	6144
	6145
	6148
	6149
	6159
	6160
	6161
	6162
	6163
	6164
	6168
	6171
	6172
	6176
	6177
	6178
	6180
	6181
	6182
	6183
	6186
	6189
	6191
	6192
	6193
	6194
	6195
	6196
	6199
	6202
	6206
	6207
	6214
	6217
	6219
	6224
	6225
	6226
	6229
	6232
	6233
	6234
	6235
	6240
	6242
	6243
	6245
	6247
	6250
	6251
	6254
	6255
	6256
	6258
	6259
	6260
	6262
	6264
	6266
	6267
	6272
	6273
	6276
	6277
	6279
	6281
	6283
	6284
	6286
	6287
	6289
	6291
	6292
	6294
	6295
	6302
	6306
	6310
	6311
	6313
	6318
	6319
	6320
	6322
	6323
	6324
	6326
	6328
	6330
	6332
	6333
	6334
	6339
	6340
	6342
	6348
	6349
	6350
	6356
	6359
	6360
	6362
	6363
	6368
	6369
	6370
7807
	6076
	6077
	6079
	6080
	6087
	6088
	6089
	6090
	6091
	6095
	6097
	6098
	6103
	6104
	6105
	6106
	6107
	6109
	6111
	6112
	6116
	6117
	6118
	6120
	6124
	6125
	6128
	6129
	6130
	6131
	6134
	6135
	6137
	6140
	6141
	6145
	6148
	6149
	6150
	6151
	6152
	6153
	6155
	6156
	6158
	6159
	6160
	6162
	6163
	6166
	6167
	6168
	6171
	6172
	6175
	6179
	6180
	6182
	6183
	6184
	6186
	6187
	6188
	6190
	6195
	6198
	6199
	6201
	6203
	6204
	6205
	6210
	6211
	6214
	6215
	6216
	6217
	6219
	6221
	6222
	6223
	6224
	6225
	6231
	6232
	6233
	6234
	6235
	6238
	6239
	6243
	6246
	6249
	6251
	6254
	6256
	6257
	6258
	6259
	6261
	6262
	6263
	6267
	6268
	6271
	6272
	6274
	6275
	6276
	6277
	6278
	6279
	6280
	6281
	6282
	6284
	6285
	6286
	6287
	6288
	6290
	6291
	6294
	6295
	6297
	6298
	6301
	6303
	6304
	6305
	6307
	6309
	6310
	6311
	6312
	6315
	6317
	6318
	6319
	6324
	6328
	6330
	6331
	6333
	6334
	6337
	6338
	6339
	6340
	6342
	6344
	6346
	6348
	6351
	6352
	6353
	6354
	6362
	6363
	6364
	6365
	6366
	6367
	6368
	6369
	6372
7808
	6077
	6078
	6079
	6080
	6081
	6086
	6087
	6088
	6089
	6090
	6092
	6093
	6094
	6095
	6096
	6099
	6101
	6102
	6103
	6104
	6105
	6106
	6108
	6110
	6112
	6113
	6114
	6115
	6118
	6122
	6123
	6124
	6127
	6128
	6129
	6130
	6131
	6133
	6136
	6137
	6141
	6142
	6145
	6149
	6153
	6155
	6158
	6164
	6166
	6167
	6168
	6170
	6171
	6172
	6173
	6175
	6178
	6179
	6180
	6184
	6185
	6188
	6189
	6191
	6193
	6195
	6197
	6199
	6202
	6203
	6204
	6205
	6206
	6207
	6208
	6209
	6210
	6213
	6214
	6216
	6217
	6219
	6221
	6222
	6223
	6224
	6225
	6226
	6228
	6229
	6231
	6233
	6234
	6235
	6237
	6241
	6242
	6245
	6248
	6249
	6254
	6255
	6256
	6257
	6258
	6259
	6260
	6261
	6262
	6263
	6265
	6266
	6267
	6269
	6270
	6272
	6273
	6274
	6276
	6278
	6280
	6282
	6290
	6291
	6292
	6293
	6295
	6299
	6300
	6301
	6302
	6304
	6305
	6307
	6309
	6310
	6312
	6313
	6317
	6320
	6323
	6326
	6328
	6330
	6332
	6334
	6336
	6340
	6343
	6345
	6348
	6349
	6352
	6353
	6355
	6356
	6359
	6360
	6361
	6362
	6363
	6365
	6367
	6369
	6370
	6371
7809
	6078
	6082
	6084
	6085
	6086
	6087
	6092
	6096
	6098
	6100
	6101
	6105
	6106
	6109
	6110
	6112
	6113
	6114
	6115
	6116
	6117
	6118
	6121
	6124
	6125
	6126
	6127
	6132
	6136
	6138
	6139
	6141
	6142
	6143
	6145
	6147
	6149
	6150
	6151
	6153
	6155
	6158
	6159
	6160
	6162
	6164
	6166
	6170
	6172
	6173
	6179
	6181
	6182
	6184
	6185
	6186
	6188
	6189
	6192
	6194
	6195
	6197
	6201
	6203
	6206
	6209
	6212
	6215
	6216
	6218
	6220
	6221
	6224
	6230
	6234
	6237
	6238
	6240
	6241
	6244
	6245
	6246
	6249
	6250
	6251
	6252
	6253
	6257
	6258
	6259
	6263
	6264
	6266
	6268
	6271
	6277
	6278
	6282
	6287
	6291
	6293
	6294
	6295
	6298
	6300
	6301
	6302
	6303
	6304
	6305
	6307
	6310
	6315
	6316
	6317
	6319
	6322
	6324
	6325
	6327
	6328
	6330
	6331
	6332
	6334
	6337
	6339
	6343
	6344
	6345
	6346
	6350
	6352
	6355
	6356
	6357
	6358
	6359
	6360
	6362
	6363
	6365
	6366
	6369
	6372
7810
	6078
	6080
	6084
	6086
	6087
	6089
	6090
	6095
	6098
	6099
	6100
	6101
	6103
	6104
	6107
	6110
	6112
	6116
	6118
	6119
	6120
	6121
	6122
	6123
	6124
	6126
	6127
	6130
	6133
	6140
	6144
	6147
	6149
	6151
	6152
	6154
	6157
	6158
	6159
	6161
	6163
	6167
	6168
	6170
	6172
	6173
	6174
	6177
	6178
	6181
	6183
	6184
	6187
	6191
	6193
	6194
	6196
	6198
	6199
	6201
	6203
	6204
	6207
	6209
	6210
	6214
	6217
	6219
	6220
	6224
	6225
	6229
	6232
	6234
	6235
	6238
	6239
	6244
	6246
	6247
	6250
	6254
	6256
	6257
	6258
	6259
	6261
	6263
	6264
	6265
	6266
	6267
	6269
	6272
	6273
	6276
	6279
	6280
	6287
	6289
	6293
	6294
	6296
	6298
	6300
	6303
	6308
	6310
	6311
	6314
	6317
	6320
	6321
	6322
	6329
	6330
	6331
	6332
	6337
	6339
	6342
	6343
	6347
	6348
	6352
	6355
	6356
	6357
	6358
	6359
	6360
	6362
	6364
	6365
	6366
	6368
	6369
7811
	6077
	6080
	6081
	6087
	6088
	6091
	6093
	6096
	6099
	6100
	6101
	6102
	6103
	6105
	6107
	6110
	6111
	6112
	6113
	6116
	6120
	6128
	6130
	6134
	6136
	6139
	6140
	6141
	6142
	6143
	6144
	6149
	6150
	6153
	6158
	6161
	6165
	6166
	6170
	6175
	6176
	6177
	6178
	6180
	6181
	6182
	6185
	6186
	6187
	6190
	6192
	6193
	6197
	6198
	6203
	6208
	6209
	6210
	6213
	6214
	6220
	6222
	6224
	6225
	6226
	6229
	6230
	6232
	6233
	6234
	6235
	6237
	6238
	6239
	6241
	6242
	6243
	6246
	6251
	6252
	6254
	6255
	6257
	6258
	6259
	6260
	6261
	6262
	6268
	6271
	6272
	6273
	6274
	6276
	6279
	6282
	6283
	6285
	6286
	6287
	6293
	6294
	6297
	6300
	6301
	6302
	6303
	6304
	6305
	6306
	6309
	6315
	6316
	6318
	6319
	6321
	6322
	6324
	6325
	6327
	6328
	6330
	6331
	6333
	6334
	6336
	6337
	6339
	6340
	6341
	6343
	6345
	6351
	6352
	6357
	6359
	6360
	6362
	6363
	6364
	6365
	6366
	6370
7812
	6076
	6077
	6085
	6086
	6089
	6090
	6091
	6092
	6093
	6094
	6095
	6096
	6101
	6102
	6103
	6104
	6107
	6109
	6111
	6113
	6114
	6117
	6119
	6124
	6125
	6126
	6127
	6128
	6132
	6134
	6137
	6140
	6143
	6144
	6145
	6146
	6147
	6151
	6153
	6154
	6156
	6157
	6159
	6160
	6162
	6163
	6166
	6169
	6172
	6173
	6177
	6178
	6181
	6182
	6183
	6184
	6185
	6186
	6190
	6192
	6193
	6195
	6198
	6203
	6205
	6207
	6209
	6211
	6212
	6214
	6216
	6217
	6218
	6221
	6224
	6225
	6226
	6227
	6228
	6229
	6230
	6232
	6234
	6236
	6237
	6240
	6244
	6245
	6254
	6257
	6258
	6264
	6265
	6266
	6269
	6272
	6273
	6274
	6276
	6278
	6279
	6280
	6281
	6282
	6283
	6284
	6286
	6288
	6292
	6294
	6295
	6296
	6297
	6301
	6302
	6304
	6305
	6306
	6307
	6309
	6311
	6312
	6315
	6317
	6320
	6323
	6328
	6330
	6331
	6333
	6335
	6337
	6338
	6339
	6344
	6347
	6349
	6353
	6354
	6356
	6359
	6360
	6361
	6366
	6367
	6369
	6371
	6372
7813
	6075
	6076
	6086
	6092
	6093
	6099
	6100
	6101
	6102
	6104
	6109
	6110
	6114
	6116
	6119
	6120
	6123
	6124
	6125
	6126
	6128
	6135
	6137
	6138
	6141
	6143
	6146
	6147
	6149
	6153
	6155
	6156
	6157
	6158
	6162
	6168
	6169
	6170
	6171
	6172
	6175
	6180
	6183
	6185
	6186
	6187
	6189
	6192
	6197
	6201
	6202
	6204
	6205
	6206
	6210
	6214
	6215
	6216
	6217
	6219
	6221
	6223
	6224
	6226
	6227
	6231
	6232
	6235
	6236
	6239
	6241
	6243
	6245
	6248
	6250
	6252
	6257
	6262
	6265
	6266
	6267
	6270
	6272
	6274
	6276
	6278
	6280
	6283
	6285
	6286
	6288
	6290
	6291
	6292
	6294
	6297
	6298
	6301
	6305
	6307
	6310
	6311
	6312
	6313
	6314
	6315
	6316
	6318
	6319
	6320
	6326
	6327
	6331
	6336
	6338
	6344
	6346
	6349
	6351
	6353
	6354
	6363
	6365
	6366
	6368
	6371
7814
	6074
	6079
	6080
	6081
	6083
	6084
	6085
	6089
	6091
	6092
	6094
	6097
	6098
	6101
	6102
	6104
	6106
	6107
	6108
	6109
	6110
	6111
	6113
	6114
	6116
	6118
	6124
	6128
	6130
	6131
	6138
	6140
	6142
	6143
	6144
	6145
	6147
	6148
	6151
	6152
	6154
	6156
	6158
	6159
	6160
	6161
	6163
	6164
	6167
	6169
	6170
	6174
	6177
	6178
	6180
	6182
	6184
	6186
	6187
	6190
	6191
	6193
	6195
	6197
	6200
	6202
	6203
	6204
	6205
	6206
	6207
	6210
	6211
	6212
	6214
	6217
	6218
	6220
	6221
	6225
	6226
	6227
	6232
	6234
	6235
	6236
	6239
	6240
	6246
	6247
	6250
	6251
	6253
	6254
	6256
	6257
	6259
	6260
	6262
	6263
	6266
	6268
	6270
	6273
	6276
	6278
	6279
	6281
	6287
	6291
	6292
	6295
	6297
	6298
	6299
	6302
	6304
	6305
	6309
	6311
	6313
	6316
	6317
	6318
	6320
	6321
	6322
	6324
	6325
	6331
	6332
	6334
	6337
	6338
	6344
	6346
	6348
	6349
	6351
	6354
	6355
	6356
	6357
	6359
	6361
	6363
	6366
	6367
	6371
7815
	6076
	6077
	6080
	6084
	6088
	6091
	6092
	6096
	6097
	6099
	6102
	6103
	6105
	6106
	6107
	6108
	6110
	6112
	6113
	6114
	6115
	6116
	6117
	6118
	6120
	6121
	6123
	6124
	6129
	6130
	6132
	6134
	6135
	6136
	6138
	6139
	6143
	6145
	6146
	6147
	6148
	6149
	6150
	6151
	6152
	6161
	6162
	6164
	6168
	6169
	6171
	6172
	6173
	6174
	6175
	6181
	6183
	6186
	6187
	6188
	6191
	6192
	6196
	6199
	6202
	6203
	6204
	6205
	6206
	6207
	6208
	6209
	6210
	6211
	6212
	6216
	6217
	6220
	6224
	6225
	6228
	6234
	6235
	6236
	6239
	6241
	6242
	6243
	6245
	6246
	6247
	6248
	6250
	6251
	6253
	6254
	6256
	6257
	6260
	6261
	6263
	6264
	6267
	6269
	6270
	6271
	6275
	6281
	6284
	6285
	6286
	6288
	6289
	6292
	6297
	6299
	6300
	6301
	6304
	6305
	6308
	6310
	6311
	6314
	6315
	6316
	6318
	6319
	6324
	6326
	6327
	6328
	6332
	6334
	6335
	6337
	6345
	6349
	6350
	6353
	6354
	6355
	6356
	6357
	6360
	6363
	6364
	6365
	6366
	6367
	6370
	6371
	6372
7816
	6077
	6080
	6086
	6089
	6090
	6092
	6093
	6098
	6100
	6105
	6109
	6111
	6113
	6114
	6115
	6116
	6117
	6120
	6121
	6122
	6125
	6126
	6129
	6130
	6131
	6132
	6133
	6134
	6136
	6137
	6138
	6139
	6141
	6144
	6145
	6147
	6148
	6149
	6151
	6154
	6156
	6157
	6160
	6161
	6162
	6163
	6164
	6165
	6166
	6167
	6170
	6173
	6175
	6176
	6177
	6178
	6179
	6180
	6183
	6185
	6187
	6190
	6192
	6193
	6198
	6202
	6203
	6204
	6206
	6211
	6212
	6214
	6218
	6219
	6221
	6224
	6227
	6230
	6233
	6236
	6237
	6238
	6240
	6241
	6242
	6244
	6245
	6249
	6250
	6253
	6254
	6255
	6261
	6262
	6263
	6269
	6270
	6273
	6277
	6279
	6281
	6283
	6286
	6287
	6288
	6290
	6292
	6295
	6296
	6297
	6303
	6305
	6307
	6310
	6312
	6313
	6316
	6318
	6320
	6322
	6324
	6325
	6330
	6331
	6333
	6334
	6335
	6347
	6348
	6353
	6355
	6358
	6359
	6361
	6363
	6365
	6366
	6367
	6368
	6369
	6372
7817
	6073
	6074
	6075
	6077
	6080
	6081
	6083
	6087
	6090
	6092
	6094
	6095
	6097
	6098
	6099
	6101
	6102
	6103
	6108
	6109
	6111
	6113
	6116
	6119
	6123
	6124
	6125
	6128
	6129
	6132
	6137
	6138
	6139
	6141
	6142
	6145
	6151
	6152
	6154
	6158
	6160
	6162
	6163
	6164
	6166
	6167
	6168
	6171
	6172
	6173
	6176
	6179
	6183
	6184
	6188
	6191
	6193
	6194
	6195
	6197
	6201
	6202
	6203
	6204
	6206
	6211
	6214
	6215
	6217
	6218
	6219
	6220
	6222
	6223
	6225
	6226
	6227
	6229
	6230
	6231
	6232
	6233
	6235
	6237
	6240
	6241
	6242
	6245
	6248
	6250
	6251
	6253
	6255
	6256
	6257
	6258
	6260
	6262
	6263
	6267
	6268
	6271
	6272
	6275
	6276
	6277
	6278
	6281
	6282
	6283
	6285
	6287
	6288
	6289
	6294
	6295
	6297
	6302
	6304
	6305
	6309
	6311
	6312
	6313
	6314
	6317
	6319
	6320
	6321
	6322
	6323
	6326
	6327
	6333
	6336
	6337
	6338
	6339
	6340
	6341
	6342
	6344
	6346
	6347
	6348
	6351
	6353
	6354
	6357
	6359
	6361
	6362
	6363
	6366
	6367
	6369
7818
	6074
	6075
	6076
	6079
	6080
	6081
	6084
	6089
	6091
	6093
	6098
	6101
	6102
	6107
	6108
	6111
	6112
	6116
	6117
	6120
	6123
	6125
	6127
	6128
	6130
	6132
	6134
	6137
	6138
	6143
	6147
	6148
	6149
	6151
	6154
	6159
	6160
	6161
	6164
	6165
	6166
	6167
	6168
	6171
	6172
	6173
	6174
	6176
	6177
	6181
	6183
	6184
	6185
	6186
	6189
	6190
	6191
	6192
	6194
	6198
	6199
	6203
	6204
	6206
	6207
	6208
	6209
	6210
	6212
	6214
	6217
	6219
	6220
	6223
	6225
	6226
	6229
	6231
	6235
	6236
	6237
	6239
	6241
	6243
	6244
	6245
	6251
	6256
	6258
	6259
	6262
	6265
	6267
	6275
	6278
	6279
	6281
	6282
	6286
	6287
	6288
	6289
	6293
	6294
	6295
	6296
	6297
	6298
	6302
	6303
	6305
	6306
	6307
	6308
	6311
	6313
	6314
	6315
	6316
	6318
	6320
	6322
	6323
	6324
	6326
	6327
	6328
	6329
	6331
	6333
	6334
	6335
	6338
	6339
	6340
	6341
	6342
	6345
	6346
	6347
	6348
	6352
	6357
	6360
	6361
	6362
	6363
	6364
	6365
	6368
	6369
	6372
7819
	6073
	6074
	6076
	6077
	6078
	6079
	6081
	6082
	6085
	6089
	6090
	6093
	6097
	6100
	6101
	6102
	6103
	6105
	6106
	6107
	6110
	6113
	6116
	6117
	6122
	6126
	6127
	6128
	6133
	6134
	6135
	6137
	6138
	6139
	6140
	6141
	6142
	6143
	6145
	6148
	6149
	6150
	6152
	6154
	6157
	6161
	6162
	6163
	6164
	6166
	6169
	6171
	6174
	6175
	6178
	6180
	6182
	6187
	6189
	6190
	6193
	6194
	6195
	6201
	6202
	6204
	6206
	6208
	6210
	6213
	6215
	6216
	6217
	6218
	6219
	6221
	6223
	6226
	6228
	6229
	6232
	6233
	6234
	6236
	6238
	6239
	6244
	6250
	6251
	6254
	6255
	6256
	6257
	6260
	6261
	6262
	6263
	6265
	6267
	6268
	6270
	6271
	6277
	6282
	6284
	6285
	6286
	6287
	6289
	6298
	6299
	6300
	6302
	6304
	6306
	6307
	6308
	6311
	6312
	6313
	6316
	6319
	6320
	6322
	6324
	6325
	6326
	6330
	6331
	6332
	6333
	6336
	6339
	6341
	6346
	6348
	6350
	6351
	6352
	6353
	6354
	6357
	6358
	6360
	6361
	6362
	6365
	6366
	6367
	6368
	6369
7820
	6077
	6078
	6080
	6083
	6084
	6089
	6090
	6091
	6092
	6093
	6095
	6096
	6098
	6099
	6100
	6102
	6103
	6104
	6105
	6106
	6107
	6108
	6109
	6110
	6111
	6112
	6113
	6115
	6116
	6119
	6120
	6121
	6128
	6131
	6133
	6134
	6135
	6137
	6139
	6142
	6144
	6145
	6148
	6149
	6150
	6151
	6155
	6156
	6157
	6158
	6159
	6161
	6162
	6163
	6164
	6166
	6167
	6168
	6170
	6171
	6174
	6177
	6179
	6180
	6181
	6182
	6185
	6186
	6188
	6189
	6192
	6193
	6194
	6195
	6196
	6199
	6200
	6201
	6206
	6208
	6210
	6211
	6212
	6214
	6215
	6218
	6222
	6223
	6225
	6227
	6228
	6229
	6230
	6231
	6232
	6248
	6249
	6250
	6252
	6253
	6258
	6260
	6261
	6262
	6264
	6266
	6268
	6269
	6270
	6271
	6274
	6276
	6277
	6279
	6281
	6284
	6286
	6288
	6290
	6291
	6292
	6295
	6297
	6304
	6305
	6306
	6307
	6308
	6309
	6312
	6319
	6325
	6326
	6329
	6330
	6331
	6333
	6336
	6340
	6341
	6343
	6345
	6347
	6348
	6350
	6351
	6354
	6355
	6357
	6360
	6361
	6362
	6364
	6365
	6366
	6367
	6371
	6372
7821
	6079
	6080
	6081
	6094
	6096
	6098
	6099
	6100
	6103
	6105
	6106
	6107
	6112
	6113
	6115
	6116
	6117
	6124
	6125
	6127
	6128
	6129
	6131
	6132
	6135
	6136
	6137
	6140
	6141
	6143
	6144
	6145
	6146
	6149
	6150
	6155
	6159
	6162
	6163
	6167
	6170
	6171
	6172
	6173
	6174
	6177
	6181
	6183
	6187
	6192
	6198
	6202
	6204
	6205
	6206
	6208
	6209
	6210
	6214
	6215
	6216
	6220
	6221
	6222
	6223
	6225
	6227
	6228
	6229
	6230
	6231
	6236
	6238
	6240
	6242
	6245
	6246
	6247
	6248
	6251
	6253
	6254
	6255
	6256
	6259
	6263
	6266
	6269
	6270
	6271
	6272
	6279
	6280
	6281
	6282
	6283
	6285
	6287
	6290
	6291
	6292
	6294
	6295
	6303
	6304
	6306
	6307
	6310
	6311
	6313
	6317
	6318
	6320
	6321
	6323
	6325
	6326
	6327
	6329
	6331
	6332
	6333
	6336
	6338
	6339
	6340
	6342
	6343
	6346
	6349
	6350
	6351
	6354
	6355
	6356
	6357
	6361
	6362
	6363
	6366
7822
	6077
	6078
	6081
	6093
	6094
	6096
	6098
	6100
	6102
	6106
	6107
	6109
	6110
	6113
	6114
	6115
	6116
	6118
	6119
	6121
	6122
	6123
	6125
	6126
	6127
	6130
	6131
	6132
	6133
	6134
	6135
	6136
	6137
	6139
	6140
	6144
	6145
	6147
	6148
	6153
	6154
	6155
	6157
	6158
	6159
	6160
	6161
	6162
	6163
	6165
	6166
	6174
	6177
	6178
	6179
	6181
	6183
	6184
	6185
	6188
	6190
	6192
	6193
	6194
	6196
	6198
	6200
	6201
	6202
	6203
	6204
	6207
	6208
	6209
	6210
	6211
	6213
	6214
	6216
	6217
	6218
	6222
	6224
	6227
	6230
	6231
	6232
	6234
	6236
	6240
	6245
	6246
	6248
	6249
	6250
	6251
	6257
	6259
	6260
	6261
	6262
	6263
	6264
	6265
	6267
	6268
	6270
	6271
	6274
	6277
	6278
	6279
	6280
	6281
	6283
	6284
	6285
	6288
	6291
	6294
	6296
	6297
	6298
	6299
	6301
	6303
	6306
	6309
	6314
	6316
	6318
	6319
	6321
	6324
	6325
	6326
	6328
	6329
	6331
	6333
	6334
	6335
	6337
	6338
	6339
	6342
	6343
	6344
	6347
	6349
	6354
	6355
	6356
	6358
	6359
	6361
	6364
	6366
	6368
	6370
	6371
	6372
7823
	6078
	6080
	6081
	6095
	6096
	6097
	6099
	6100
	6103
	6105
	6114
	6117
	6118
	6121
	6122
	6123
	6126
	6128
	6134
	6135
	6136
	6139
	6140
	6141
	6142
	6144
	6146
	6147
	6151
	6155
	6156
	6157
	6159
	6160
	6161
	6165
	6170
	6171
	6173
	6174
	6175
	6176
	6180
	6182
	6184
	6186
	6187
	6189
	6191
	6192
	6194
	6199
	6201
	6203
	6204
	6208
	6211
	6212
	6213
	6214
	6215
	6216
	6217
	6218
	6219
	6220
	6227
	6228
	6231
	6232
	6234
	6236
	6237
	6240
	6242
	6245
	6246
	6247
	6248
	6249
	6251
	6252
	6253
	6254
	6255
	6259
	6261
	6263
	6268
	6269
	6270
	6273
	6274
	6275
	6276
	6277
	6278
	6279
	6280
	6281
	6282
	6286
	6287
	6289
	6291
	6292
	6293
	6294
	6295
	6296
	6297
	6301
	6303
	6305
	6307
	6309
	6312
	6313
	6315
	6316
	6317
	6321
	6322
	6324
	6325
	6327
	6328
	6329
	6332
	6333
	6335
	6336
	6337
	6338
	6342
	6343
	6348
	6357
	6358
	6360
	6364
	6365
	6368
	6370
	6371
	6373
7824
	6078
	6080
	6095
	6096
	6101
	6102
	6103
	6104
	6105
	6106
	6108
	6112
	6113
	6115
	6116
	6117
	6121
	6122
	6123
	6124
	6125
	6127
	6130
	6135
	6136
	6139
	6141
	6144
	6147
	6149
	6150
	6152
	6153
	6156
	6159
	6162
	6164
	6166
	6168
	6169
	6170
	6171
	6174
	6175
	6176
	6177
	6179
	6180
	6181
	6183
	6184
	6189
	6190
	6191
	6192
	6194
	6195
	6196
	6198
	6199
	6201
	6205
	6206
	6207
	6208
	6209
	6210
	6211
	6213
	6214
	6215
	6218
	6219
	6220
	6221
	6222
	6225
	6226
	6227
	6231
	6234
	6240
	6241
	6244
	6245
	6246
	6247
	6248
	6249
	6250
	6251
	6252
	6253
	6258
	6259
	6260
	6262
	6263
	6265
	6272
	6273
	6274
	6275
	6277
	6279
	6284
	6286
	6287
	6288
	6289
	6290
	6296
	6297
	6298
	6299
	6301
	6302
	6304
	6305
	6306
	6307
	6310
	6311
	6312
	6313
	6316
	6317
	6319
	6320
	6321
	6322
	6323
	6324
	6325
	6327
	6328
	6329
	6331
	6334
	6335
	6336
	6337
	6338
	6340
	6344
	6346
	6347
	6349
	6350
	6351
	6356
	6357
	6358
	6359
	6360
	6361
	6364
	6369
	6370
	6371
	6373
7825
	6092
	6094
	6095
	6098
	6100
	6103
	6104
	6106
	6107
	6112
	6113
	6121
	6123
	6124
	6125
	6126
	6130
	6131
	6132
	6135
	6136
	6137
	6138
	6139
	6140
	6141
	6142
	6144
	6150
	6152
	6156
	6157
	6160
	6161
	6162
	6164
	6167
	6169
	6171
	6173
	6174
	6178
	6180
	6183
	6184
	6185
	6187
	6188
	6189
	6193
	6195
	6197
	6203
	6208
	6211
	6212
	6218
	6219
	6221
	6222
	6223
	6224
	6227
	6237
	6238
	6240
	6243
	6248
	6253
	6254
	6256
	6257
	6259
	6260
	6261
	6263
	6265
	6267
	6271
	6273
	6274
	6275
	6276
	6277
	6281
	6282
	6284
	6288
	6289
	6290
	6292
	6298
	6299
	6301
	6302
	6303
	6308
	6309
	6310
	6314
	6315
	6316
	6317
	6320
	6321
	6322
	6323
	6326
	6333
	6336
	6339
	6340
	6342
	6347
	6348
	6349
	6350
	6352
	6353
	6354
	6355
	6356
	6358
	6359
	6360
	6361
	6362
	6363
	6364
	6365
	6366
	6368
	6369
	6370
	6372
7826
	6092
	6094
	6095
	6096
	6097
	6100
	6101
	6102
	6103
	6104
	6109
	6111
	6118
	6121
	6122
	6123
	6125
	6128
	6129
	6130
	6131
	6134
	6135
	6136
	6137
	6138
	6140
	6141
	6143
	6144
	6149
	6155
	6156
	6157
	6161
	6163
	6169
	6171
	6172
	6175
	6176
	6177
	6180
	6184
	6187
	6189
	6190
	6195
	6196
	6197
	6200
	6202
	6203
	6206
	6207
	6208
	6211
	6212
	6214
	6215
	6216
	6217
	6219
	6220
	6222
	6225
	6226
	6227
	6231
	6233
	6235
	6237
	6238
	6239
	6241
	6243
	6245
	6246
	6247
	6248
	6256
	6263
	6265
	6266
	6267
	6268
	6269
	6270
	6271
	6273
	6274
	6280
	6281
	6282
	6283
	6285
	6287
	6288
	6291
	6292
	6293
	6295
	6297
	6300
	6301
	6302
	6303
	6305
	6306
	6307
	6310
	6314
	6316
	6317
	6320
	6321
	6322
	6323
	6324
	6326
	6327
	6330
	6331
	6332
	6334
	6339
	6340
	6341
	6343
	6344
	6347
	6350
	6354
	6355
	6356
	6360
	6362
	6364
	6365
	6366
	6368
	6369
	6370
	6371
	6373
7827
	6095
	6096
	6097
	6098
	6099
	6104
	6105
	6106
	6112
	6113
	6116
	6118
	6119
	6121
	6122
	6124
	6132
	6133
	6136
	6138
	6139
	6143
	6145
	6146
	6147
	6149
	6151
	6153
	6154
	6155
	6156
	6157
	6158
	6160
	6161
	6162
	6163
	6164
	6165
	6166
	6170
	6172
	6174
	6175
	6176
	6180
	6181
	6184
	6187
	6188
	6189
	6190
	6192
	6194
	6196
	6197
	6198
	6199
	6200
	6201
	6202
	6203
	6204
	6206
	6213
	6215
	6216
	6220
	6222
	6224
	6228
	6231
	6233
	6239
	6241
	6242
	6244
	6246
	6247
	6248
	6251
	6252
	6257
	6258
	6259
	6261
	6262
	6263
	6264
	6266
	6268
	6270
	6271
	6274
	6275
	6276
	6279
	6282
	6286
	6288
	6290
	6294
	6295
	6297
	6298
	6299
	6300
	6302
	6307
	6309
	6311
	6312
	6313
	6314
	6316
	6317
	6319
	6322
	6323
	6326
	6327
	6329
	6331
	6332
	6333
	6334
	6338
	6339
	6340
	6341
	6342
	6346
	6348
	6350
	6351
	6355
	6358
	6359
	6360
	6361
	6365
	6368
	6369
	6371
	6373
	6375
	6376
7828
	6090
	6092
	6093
	6094
	6095
	6098
	6101
	6103
	6104
	6107
	6112
	6113
	6114
	6115
	6116
	6118
	6119
	6120
	6122
	6123
	6130
	6134
	6135
	6136
	6138
	6140
	6144
	6146
	6147
	6149
	6150
	6153
	6154
	6155
	6156
	6157
	6159
	6160
	6161
	6162
	6164
	6168
	6171
	6175
	6177
	6183
	6184
	6189
	6191
	6193
	6195
	6196
	6198
	6202
	6204
	6205
	6209
	6212
	6214
	6218
	6220
	6223
	6224
	6228
	6231
	6233
	6235
	6236
	6242
	6244
	6245
	6247
	6249
	6252
	6253
	6254
	6255
	6256
	6259
	6260
	6263
	6264
	6268
	6270
	6273
	6274
	6275
	6277
	6279
	6283
	6285
	6288
	6290
	6291
	6292
	6293
	6295
	6297
	6298
	6299
	6300
	6301
	6302
	6303
	6304
	6308
	6309
	6310
	6311
	6312
	6313
	6315
	6317
	6318
	6324
	6328
	6329
	6331
	6333
	6335
	6336
	6339
	6343
	6346
	6347
	6350
	6352
	6354
	6356
	6358
	6360
	6361
	6362
	6363
	6365
	6366
	6368
	6369
	6370
	6373
	6374
	6376
7829
	6089
	6090
	6095
	6097
	6098
	6104
	6105
	6106
	6112
	6113
	6114
	6115
	6118
	6119
	6120
	6121
	6124
	6126
	6127
	6128
	6129
	6135
	6140
	6142
	6145
	6146
	6147
	6152
	6156
	6157
	6158
	6159
	6160
	6163
	6164
	6165
	6166
	6168
	6170
	6172
	6174
	6177
	6179
	6181
	6182
	6187
	6194
	6195
	6197
	6198
	6200
	6204
	6206
	6208
	6209
	6211
	6212
	6213
	6215
	6216
	6217
	6218
	6219
	6223
	6224
	6225
	6226
	6227
	6229
	6230
	6231
	6234
	6236
	6237
	6242
	6244
	6245
	6248
	6249
	6253
	6254
	6256
	6258
	6259
	6261
	6263
	6264
	6267
	6269
	6275
	6278
	6280
	6282
	6284
	6286
	6293
	6295
	6296
	6298
	6301
	6304
	6305
	6308
	6309
	6311
	6316
	6319
	6321
	6322
	6323
	6324
	6327
	6331
	6334
	6335
	6336
	6339
	6340
	6341
	6344
	6345
	6346
	6348
	6349
	6351
	6354
	6355
	6356
	6359
	6360
	6361
	6362
	6365
	6368
	6371
	6372
7830
	6089
	6092
	6094
	6096
	6097
	6101
	6104
	6105
	6109
	6110
	6111
	6112
	6113
	6114
	6117
	6118
	6119
	6120
	6121
	6125
	6126
	6132
	6134
	6135
	6137
	6138
	6140
	6144
	6145
	6147
	6148
	6151
	6152
	6157
	6159
	6161
	6166
	6167
	6169
	6171
	6172
	6176
	6179
	6180
	6185
	6187
	6189
	6192
	6195
	6198
	6200
	6201
	6202
	6204
	6209
	6211
	6213
	6214
	6215
	6217
	6218
	6219
	6220
	6224
	6225
	6228
	6229
	6231
	6234
	6235
	6236
	6237
	6240
	6241
	6243
	6244
	6245
	6246
	6247
	6249
	6251
	6257
	6262
	6263
	6265
	6267
	6270
	6272
	6273
	6275
	6276
	6277
	6281
	6283
	6287
	6288
	6290
	6292
	6293
	6294
	6297
	6298
	6300
	6304
	6305
	6307
	6310
	6311
	6313
	6314
	6315
	6319
	6320
	6323
	6324
	6327
	6328
	6334
	6338
	6339
	6340
	6341
	6342
	6344
	6345
	6347
	6348
	6349
	6351
	6356
	6359
	6361
	6363
	6364
	6366
	6368
	6369
	6370
	6372
	6375
	6377
	6378
7831
	6087
	6089
	6090
	6091
	6092
	6094
	6095
	6096
	6098
	6100
	6102
	6104
	6105
	6106
	6107
	6108
	6110
	6111
	6114
	6116
	6117
	6118
	6119
	6120
	6121
	6122
	6123
	6126
	6127
	6128
	6129
	6133
	6135
	6139
	6141
	6142
	6143
	6144
	6145
	6146
	6147
	6148
	6149
	6150
	6151
	6154
	6156
	6157
	6158
	6159
	6161
	6163
	6164
	6165
	6169
	6175
	6176
	6177
	6179
	6180
	6185
	6190
	6192
	6196
	6197
	6198
	6200
	6201
	6208
	6209
	6211
	6213
	6215
	6216
	6220
	6221
	6222
	6224
	6228
	6230
	6232
	6235
	6236
	6239
	6240
	6241
	6242
	6244
	6247
	6248
	6249
	6250
	6251
	6253
	6255
	6260
	6261
	6262
	6263
	6265
	6266
	6267
	6268
	6271
	6273
	6274
	6275
	6278
	6280
	6281
	6282
	6283
	6285
	6286
	6288
	6291
	6293
	6296
	6297
	6301
	6302
	6303
	6304
	6305
	6307
	6308
	6309
	6310
	6313
	6318
	6319
	6321
	6322
	6323
	6324
	6327
	6332
	6336
	6338
	6340
	6341
	6342
	6343
	6345
	6348
	6349
	6350
	6355
	6356
	6359
	6360
	6361
	6362
	6367
	6368
	6370
	6372
	6374
	6375
	6376
7832
	6086
	6087
	6088
	6092
	6095
	6099
	6100
	6101
	6107
	6110
	6114
	6116
	6119
	6120
	6122
	6124
	6125
	6126
	6129
	6131
	6132
	6134
	6138
	6139
	6142
	6144
	6145
	6147
	6149
	6150
	6153
	6154
	6156
	6157
	6160
	6161
	6163
	6164
	6165
	6170
	6171
	6172
	6174
	6176
	6177
	6178
	6183
	6184
	6186
	6188
	6190
	6191
	6194
	6195
	6198
	6200
	6201
	6206
	6207
	6208
	6211
	6212
	6213
	6214
	6216
	6217
	6218
	6219
	6224
	6226
	6228
	6232
	6233
	6234
	6235
	6237
	6238
	6239
	6241
	6242
	6243
	6244
	6247
	6249
	6250
	6251
	6252
	6253
	6254
	6255
	6257
	6264
	6265
	6267
	6268
	6269
	6270
	6271
	6272
	6273
	6278
	6280
	6282
	6284
	6286
	6287
	6289
	6293
	6294
	6300
	6301
	6302
	6303
	6307
	6308
	6309
	6310
	6315
	6317
	6318
	6319
	6320
	6321
	6323
	6325
	6327
	6328
	6330
	6331
	6335
	6337
	6341
	6343
	6347
	6348
	6349
	6350
	6351
	6355
	6356
	6357
	6358
	6360
	6363
	6364
	6366
	6367
	6368
	6369
	6370
	6371
	6372
	6373
	6374
	6377
	6378
	6379
7833
	6086
	6088
	6089
	6090
	6095
	6097
	6098
	6100
	6103
	6107
	6108
	6111
	6112
	6113
	6114
	6116
	6117
	6119
	6120
	6122
	6123
	6125
	6126
	6130
	6132
	6133
	6134
	6136
	6137
	6139
	6140
	6141
	6142
	6144
	6145
	6146
	6147
	6149
	6150
	6151
	6154
	6155
	6157
	6158
	6159
	6160
	6162
	6163
	6164
	6166
	6169
	6170
	6171
	6172
	6175
	6178
	6183
	6187
	6188
	6189
	6191
	6192
	6193
	6196
	6197
	6202
	6203
	6206
	6208
	6214
	6215
	6217
	6218
	6219
	6221
	6222
	6223
	6224
	6225
	6228
	6229
	6232
	6236
	6237
	6239
	6240
	6243
	6244
	6249
	6250
	6253
	6255
	6258
	6261
	6262
	6263
	6264
	6265
	6267
	6269
	6270
	6271
	6273
	6276
	6281
	6285
	6286
	6287
	6288
	6291
	6293
	6294
	6301
	6302
	6303
	6305
	6306
	6308
	6309
	6310
	6311
	6312
	6315
	6316
	6317
	6318
	6319
	6322
	6324
	6325
	6326
	6330
	6332
	6333
	6334
	6335
	6336
	6338
	6341
	6342
	6344
	6345
	6346
	6347
	6348
	6349
	6351
	6352
	6353
	6354
	6356
	6357
	6358
	6359
	6360
	6362
	6365
	6366
	6368
	6369
	6370
	6372
	6373
	6376
	6377
	6378
7834
	6090
	6091
	6094
	6095
	6096
	6099
	6100
	6101
	6102
	6103
	6105
	6106
	6108
	6109
	6116
	6117
	6121
	6123
	6128
	6130
	6131
	6132
	6134
	6135
	6136
	6137
	6140
	6141
	6143
	6144
	6145
	6146
	6148
	6150
	6151
	6154
	6155
	6158
	6166
	6167
	6168
	6170
	6171
	6172
	6173
	6177
	6179
	6180
	6182
	6183
	6185
	6187
	6189
	6195
	6196
	6199
	6200
	6202
	6203
	6204
	6205
	6208
	6209
	6212
	6214
	6217
	6221
	6222
	6225
	6226
	6227
	6228
	6229
	6231
	6232
	6233
	6238
	6239
	6240
	6242
	6243
	6244
	6246
	6251
	6253
	6256
	6257
	6260
	6261
	6262
	6265
	6266
	6267
	6269
	6271
	6274
	6275
	6276
	6277
	6278
	6279
	6281
	6282
	6285
	6287
	6292
	6296
	6299
	6300
	6301
	6302
	6303
	6304
	6305
	6312
	6313
	6316
	6318
	6320
	6322
	6329
	6330
	6331
	6335
	6336
	6337
	6338
	6339
	6342
	6343
	6344
	6345
	6348
	6349
	6350
	6356
	6358
	6359
	6369
	6370
	6371
	6373
	6374
	6377
	6378
7835
	6089
	6090
	6093
	6094
	6097
	6098
	6100
	6101
	6103
	6104
	6105
	6107
	6113
	6115
	6118
	6120
	6121
	6122
	6126
	6129
	6133
	6134
	6138
	6140
	6146
	6147
	6149
	6150
	6154
	6155
	6157
	6159
	6161
	6165
	6167
	6168
	6170
	6173
	6175
	6176
	6178
	6179
	6180
	6183
	6185
	6187
	6189
	6192
	6197
	6198
	6200
	6201
	6202
	6203
	6206
	6207
	6208
	6209
	6210
	6211
	6212
	6214
	6216
	6218
	6222
	6223
	6224
	6226
	6228
	6230
	6231
	6232
	6234
	6237
	6241
	6242
	6246
	6248
	6249
	6251
	6252
	6253
	6259
	6260
	6263
	6264
	6266
	6268
	6270
	6272
	6273
	6279
	6280
	6287
	6288
	6289
	6290
	6292
	6295
	6297
	6299
	6300
	6303
	6304
	6305
	6309
	6311
	6312
	6313
	6314
	6315
	6318
	6321
	6323
	6325
	6326
	6327
	6328
	6329
	6330
	6332
	6336
	6337
	6339
	6340
	6345
	6346
	6348
	6353
	6357
	6358
	6361
	6362
	6364
	6366
	6367
	6369
	6373
	6374
	6378
7836
	6090
	6093
	6094
	6095
	6096
	6097
	6100
	6101
	6102
	6103
	6104
	6105
	6106
	6107
	6108
	6110
	6113
	6116
	6118
	6119
	6121
	6124
	6127
	6128
	6129
	6130
	6131
	6132
	6138
	6139
	6140
	6142
	6145
	6146
	6148
	6150
	6152
	6153
	6154
	6156
	6158
	6159
	6160
	6163
	6165
	6172
	6175
	6177
	6178
	6179
	6180
	6182
	6183
	6185
	6186
	6188
	6192
	6194
	6196
	6197
	6198
	6201
	6202
	6205
	6208
	6213
	6215
	6220
	6221
	6224
	6226
	6227
	6229
	6230
	6232
	6234
	6236
	6238
	6239
	6240
	6241
	6244
	6245
	6248
	6249
	6250
	6251
	6252
	6254
	6255
	6257
	6258
	6259
	6261
	6262
	6265
	6266
	6267
	6268
	6269
	6270
	6273
	6275
	6276
	6281
	6282
	6284
	6285
	6289
	6290
	6293
	6297
	6299
	6300
	6302
	6303
	6306
	6308
	6310
	6311
	6313
	6314
	6315
	6316
	6317
	6318
	6320
	6327
	6328
	6333
	6335
	6337
	6338
	6339
	6341
	6343
	6345
	6346
	6348
	6349
	6350
	6351
	6356
	6359
	6360
	6361
	6362
	6364
	6365
	6366
	6367
	6369
	6370
	6373
	6374
	6375
	6376
	6377
7837
	6088
	6089
	6090
	6091
	6093
	6096
	6097
	6099
	6102
	6103
	6105
	6107
	6110
	6113
	6116
	6123
	6125
	6128
	6130
	6132
	6134
	6136
	6141
	6142
	6143
	6144
	6145
	6150
	6151
	6152
	6153
	6155
	6156
	6160
	6162
	6164
	6167
	6168
	6170
	6171
	6173
	6174
	6175
	6176
	6177
	6181
	6183
	6184
	6185
	6190
	6192
	6195
	6197
	6198
	6199
	6200
	6201
	6203
	6206
	6207
	6211
	6212
	6217
	6218
	6219
	6220
	6223
	6224
	6226
	6232
	6234
	6235
	6237
	6238
	6242
	6244
	6247
	6249
	6250
	6253
	6254
	6255
	6256
	6257
	6258
	6260
	6261
	6263
	6268
	6269
	6270
	6271
	6273
	6275
	6276
	6278
	6280
	6281
	6285
	6287
	6288
	6293
	6295
	6297
	6299
	6301
	6302
	6303
	6305
	6306
	6307
	6308
	6309
	6310
	6311
	6313
	6316
	6317
	6318
	6320
	6324
	6327
	6331
	6335
	6336
	6340
	6343
	6345
	6347
	6348
	6349
	6352
	6354
	6355
	6356
	6362
	6364
	6366
	6367
	6369
	6370
	6372
	6376
7838
	6088
	6090
	6091
	6095
	6096
	6098
	6099
	6100
	6101
	6105
	6109
	6110
	6112
	6115
	6120
	6121
	6123
	6124
	6125
	6126
	6127
	6128
	6129
	6130
	6131
	6135
	6136
	6137
	6143
	6144
	6145
	6146
	6148
	6150
	6152
	6154
	6158
	6161
	6162
	6164
	6166
	6167
	6168
	6169
	6170
	6171
	6172
	6176
	6178
	6179
	6182
	6183
	6184
	6186
	6187
	6190
	6192
	6194
	6196
	6197
	6201
	6202
	6203
	6207
	6208
	6209
	6212
	6217
	6218
	6219
	6220
	6223
	6227
	6230
	6231
	6232
	6234
	6235
	6236
	6241
	6244
	6245
	6246
	6247
	6250
	6255
	6256
	6257
	6258
	6259
	6261
	6263
	6264
	6265
	6267
	6271
	6272
	6273
	6274
	6275
	6277
	6281
	6282
	6283
	6286
	6291
	6292
	6294
	6295
	6296
	6297
	6303
	6307
	6309
	6311
	6314
	6315
	6316
	6317
	6318
	6319
	6321
	6322
	6324
	6325
	6326
	6328
	6329
	6330
	6331
	6332
	6335
	6339
	6340
	6341
	6343
	6345
	6346
	6353
	6355
	6356
	6358
	6362
	6364
	6365
	6368
	6369
	6370
	6372
7839
	6088
	6090
	6092
	6094
	6096
	6097
	6098
	6101
	6103
	6104
	6107
	6109
	6110
	6112
	6113
	6115
	6117
	6118
	6120
	6121
	6123
	6124
	6125
	6126
	6127
	6128
	6129
	6131
	6132
	6135
	6140
	6144
	6145
	6147
	6148
	6150
	6154
	6157
	6162
	6163
	6165
	6167
	6168
	6171
	6172
	6174
	6176
	6177
	6178
	6179
	6180
	6181
	6182
	6187
	6192
	6197
	6198
	6199
	6200
	6206
	6207
	6209
	6210
	6213
	6214
	6215
	6217
	6218
	6219
	6221
	6225
	6226
	6227
	6230
	6238
	6240
	6242
	6244
	6245
	6251
	6252
	6257
	6262
	6265
	6269
	6270
	6272
	6273
	6276
	6279
	6281
	6284
	6286
	6289
	6290
	6292
	6293
	6298
	6301
	6302
	6310
	6311
	6313
	6314
	6316
	6317
	6318
	6319
	6321
	6326
	6327
	6330
	6331
	6333
	6336
	6337
	6339
	6347
	6348
	6351
	6358
	6359
	6360
	6363
	6366
	6367
	6368
	6372
	6374
	6375
7840
	6089
	6090
	6091
	6092
	6096
	6098
	6100
	6101
	6102
	6103
	6104
	6105
	6109
	6110
	6111
	6113
	6115
	6118
	6119
	6120
	6121
	6123
	6124
	6127
	6128
	6129
	6130
	6131
	6132
	6134
	6136
	6138
	6139
	6142
	6143
	6144
	6145
	6147
	6150
	6152
	6154
	6155
	6156
	6157
	6158
	6162
	6163
	6166
	6167
	6168
	6169
	6171
	6173
	6175
	6176
	6177
	6178
	6180
	6181
	6183
	6185
	6186
	6189
	6193
	6194
	6196
	6199
	6200
	6203
	6207
	6208
	6210
	6213
	6215
	6216
	6217
	6218
	6219
	6222
	6225
	6228
	6233
	6235
	6236
	6237
	6238
	6239
	6240
	6243
	6245
	6247
	6249
	6250
	6251
	6252
	6254
	6259
	6260
	6264
	6265
	6268
	6269
	6270
	6272
	6276
	6277
	6278
	6280
	6284
	6285
	6286
	6288
	6290
	6291
	6292
	6293
	6295
	6299
	6305
	6306
	6307
	6309
	6311
	6313
	6314
	6316
	6319
	6323
	6324
	6325
	6326
	6327
	6328
	6331
	6334
	6335
	6337
	6339
	6341
	6342
	6343
	6344
	6349
	6351
	6352
	6353
	6354
	6357
	6360
	6362
	6364
	6369
	6372
	6373
	6374
7841
	6087
	6089
	6090
	6092
	6095
	6096
	6098
	6101
	6102
	6103
	6106
	6108
	6109
	6113
	6114
	6116
	6117
	6118
	6120
	6122
	6125
	6128
	6129
	6131
	6133
	6134
	6135
	6137
	6139
	6140
	6141
	6144
	6145
	6146
	6147
	6149
	6151
	6155
	6159
	6161
	6164
	6166
	6167
	6168
	6175
	6181
	6187
	6191
	6192
	6193
	6195
	6196
	6204
	6206
	6207
	6209
	6213
	6214
	6215
	6216
	6218
	6220
	6221
	6227
	6228
	6233
	6234
	6238
	6240
	6242
	6244
	6247
	6248
	6250
	6251
	6253
	6254
	6257
	6258
	6260
	6261
	6262
	6264
	6265
	6268
	6270
	6271
	6272
	6274
	6275
	6276
	6279
	6281
	6282
	6284
	6286
	6289
	6291
	6292
	6293
	6294
	6299
	6303
	6305
	6306
	6308
	6310
	6312
	6313
	6314
	6315
	6316
	6319
	6321
	6322
	6323
	6324
	6329
	6330
	6332
	6333
	6334
	6338
	6341
	6343
	6348
	6349
	6350
	6351
	6352
	6355
	6360
	6364
	6365
	6366
	6369
	6373
7842
	6088
	6092
	6093
	6094
	6095
	6097
	6100
	6101
	6104
	6105
	6108
	6110
	6112
	6115
	6117
	6121
	6122
	6124
	6127
	6128
	6129
	6130
	6131
	6132
	6133
	6136
	6140
	6141
	6144
	6145
	6147
	6154
	6158
	6165
	6167
	6173
	6174
	6176
	6177
	6179
	6180
	6184
	6186
	6188
	6189
	6190
	6192
	6194
	6197
	6198
	6199
	6200
	6201
	6202
	6205
	6208
	6212
	6215
	6217
	6221
	6222
	6224
	6225
	6227
	6228
	6229
	6230
	6231
	6233
	6235
	6236
	6237
	6239
	6243
	6244
	6247
	6250
	6251
	6252
	6256
	6258
	6259
	6260
	6262
	6266
	6270
	6271
	6272
	6274
	6276
	6278
	6284
	6287
	6290
	6291
	6292
	6295
	6299
	6300
	6301
	6304
	6306
	6307
	6310
	6311
	6312
	6313
	6315
	6316
	6320
	6321
	6326
	6328
	6331
	6332
	6335
	6337
	6338
	6339
	6342
	6345
	6346
	6347
	6348
	6350
	6351
	6353
	6354
	6355
	6356
	6359
	6360
	6361
	6362
	6364
	6365
	6366
	6367
	6369
	6370
	6371
	6372
7843
	6090
	6091
	6092
	6093
	6094
	6095
	6100
	6101
	6103
	6104
	6105
	6106
	6109
	6110
	6114
	6115
	6116
	6117
	6118
	6121
	6123
	6124
	6125
	6126
	6127
	6128
	6129
	6130
	6131
	6133
	6134
	6136
	6138
	6141
	6145
	6146
	6148
	6149
	6150
	6151
	6152
	6158
	6159
	6161
	6163
	6164
	6165
	6168
	6169
	6171
	6173
	6174
	6176
	6177
	6178
	6179
	6181
	6183
	6185
	6188
	6189
	6190
	6191
	6192
	6195
	6197
	6199
	6201
	6202
	6206
	6208
	6211
	6212
	6213
	6216
	6217
	6218
	6219
	6220
	6222
	6223
	6224
	6225
	6227
	6228
	6229
	6231
	6235
	6239
	6241
	6242
	6244
	6245
	6246
	6247
	6249
	6255
	6257
	6258
	6259
	6264
	6265
	6266
	6267
	6268
	6272
	6273
	6275
	6278
	6281
	6283
	6287
	6290
	6291
	6294
	6296
	6297
	6298
	6300
	6301
	6302
	6303
	6304
	6306
	6307
	6309
	6310
	6311
	6313
	6321
	6323
	6324
	6327
	6329
	6333
	6334
	6336
	6337
	6338
	6341
	6342
	6343
	6344
	6345
	6346
	6351
	6352
	6356
	6360
	6362
	6363
	6364
	6366
	6367
	6368
	6369
	6370
	6371
7844
	6089
	6090
	6091
	6092
	6095
	6103
	6106
	6108
	6109
	6112
	6113
	6115
	6121
	6126
	6128
	6132
	6135
	6137
	6138
	6140
	6142
	6144
	6145
	6146
	6149
	6150
	6151
	6156
	6158
	6159
	6160
	6161
	6166
	6169
	6171
	6172
	6174
	6175
	6177
	6178
	6181
	6182
	6183
	6185
	6186
	6187
	6188
	6191
	6194
	6195
	6197
	6198
	6200
	6202
	6205
	6207
	6209
	6214
	6215
	6217
	6218
	6221
	6223
	6224
	6229
	6231
	6232
	6233
	6236
	6239
	6245
	6247
	6248
	6249
	6253
	6254
	6255
	6258
	6259
	6263
	6266
	6267
	6268
	6269
	6270
	6271
	6273
	6278
	6282
	6284
	6285
	6288
	6291
	6292
	6295
	6296
	6297
	6299
	6300
	6302
	6303
	6304
	6306
	6307
	6312
	6314
	6315
	6316
	6317
	6319
	6322
	6326
	6327
	6328
	6330
	6331
	6332
	6336
	6339
	6340
	6343
	6346
	6349
	6354
	6357
	6359
	6360
	6361
	6362
	6363
	6364
	6371
7845
	6091
	6095
	6097
	6100
	6101
	6103
	6104
	6106
	6107
	6109
	6113
	6114
	6115
	6117
	6119
	6122
	6124
	6126
	6128
	6129
	6136
	6140
	6141
	6142
	6144
	6145
	6146
	6150
	6151
	6152
	6153
	6154
	6156
	6159
	6160
	6161
	6162
	6163
	6164
	6166
	6169
	6170
	6174
	6177
	6178
	6180
	6182
	6186
	6188
	6189
	6191
	6193
	6195
	6197
	6198
	6199
	6202
	6203
	6204
	6206
	6208
	6211
	6212
	6213
	6216
	6220
	6222
	6223
	6226
	6227
	6228
	6231
	6232
	6233
	6234
	6235
	6237
	6238
	6240
	6241
	6242
	6244
	6245
	6246
	6248
	6249
	6250
	6252
	6254
	6258
	6259
	6260
	6261
	6262
	6263
	6264
	6265
	6269
	6271
	6272
	6273
	6277
	6278
	6280
	6281
	6282
	6283
	6285
	6286
	6288
	6289
	6290
	6292
	6294
	6295
	6296
	6297
	6299
	6300
	6301
	6302
	6303
	6304
	6305
	6308
	6309
	6312
	6314
	6315
	6320
	6326
	6333
	6337
	6338
	6342
	6343
	6344
	6346
	6350
	6353
	6354
	6355
	6356
	6358
	6361
	6363
	6365
	6368
7846
	6089
	6090
	6093
	6095
	6097
	6101
	6103
	6105
	6106
	6110
	6112
	6116
	6118
	6121
	6122
	6124
	6126
	6127
	6128
	6129
	6131
	6132
	6133
	6135
	6137
	6140
	6148
	6152
	6153
	6154
	6158
	6160
	6166
	6168
	6173
	6178
	6181
	6186
	6187
	6189
	6190
	6191
	6193
	6204
	6206
	6207
	6214
	6215
	6218
	6219
	6221
	6222
	6224
	6227
	6228
	6232
	6233
	6235
	6237
	6241
	6247
	6248
	6255
	6258
	6259
	6262
	6263
	6264
	6265
	6268
	6270
	6271
	6272
	6273
	6275
	6276
	6277
	6278
	6280
	6281
	6282
	6284
	6285
	6286
	6288
	6289
	6294
	6297
	6298
	6299
	6301
	6302
	6303
	6306
	6308
	6310
	6311
	6313
	6316
	6317
	6319
	6321
	6322
	6324
	6325
	6326
	6332
	6334
	6335
	6336
	6339
	6341
	6342
	6343
	6349
	6352
	6353
	6355
	6356
	6359
	6361
	6362
	6363
	6365
	6366
	6367
	6368
7847
	6092
	6094
	6097
	6098
	6101
	6108
	6109
	6110
	6111
	6113
	6115
	6116
	6117
	6118
	6121
	6122
	6123
	6124
	6125
	6126
	6129
	6130
	6131
	6133
	6137
	6138
	6139
	6142
	6144
	6147
	6149
	6150
	6151
	6152
	6154
	6155
	6156
	6157
	6158
	6160
	6166
	6167
	6168
	6169
	6171
	6172
	6173
	6177
	6178
	6179
	6181
	6184
	6187
	6188
	6192
	6197
	6198
	6203
	6204
	6207
	6208
	6210
	6213
	6218
	6219
	6220
	6221
	6223
	6224
	6225
	6229
	6231
	6232
	6238
	6245
	6246
	6248
	6249
	6250
	6255
	6258
	6261
	6263
	6264
	6265
	6269
	6270
	6272
	6274
	6275
	6276
	6277
	6278
	6280
	6281
	6282
	6283
	6286
	6287
	6290
	6292
	6296
	6297
	6299
	6300
	6301
	6302
	6303
	6305
	6307
	6308
	6312
	6313
	6315
	6321
	6322
	6324
	6326
	6330
	6333
	6335
	6336
	6337
	6341
	6342
	6343
	6344
	6347
	6349
	6350
	6351
	6352
	6355
	6358
	6359
	6360
	6361
	6364
	6366
	6368
	6369
7848
	6094
	6095
	6097
	6099
	6100
	6103
	6104
	6106
	6108
	6110
	6112
	6116
	6117
	6119
	6120
	6122
	6123
	6126
	6127
	6128
	6130
	6131
	6134
	6135
	6136
	6137
	6138
	6139
	6140
	6142
	6145
	6146
	6148
	6149
	6151
	6152
	6153
	6155
	6158
	6163
	6166
	6167
	6170
	6175
	6177
	6178
	6179
	6181
	6182
	6185
	6186
	6188
	6189
	6190
	6192
	6193
	6194
	6195
	6196
	6197
	6199
	6200
	6201
	6204
	6206
	6210
	6213
	6214
	6216
	6218
	6219
	6220
	6224
	6225
	6228
	6229
	6237
	6239
	6240
	6242
	6245
	6246
	6248
	6249
	6250
	6251
	6252
	6254
	6255
	6256
	6257
	6258
	6261
	6264
	6266
	6267
	6269
	6274
	6275
	6276
	6278
	6279
	6280
	6283
	6284
	6285
	6286
	6287
	6288
	6291
	6292
	6293
	6294
	6295
	6297
	6298
	6300
	6301
	6302
	6303
	6305
	6306
	6307
	6310
	6312
	6314
	6315
	6316
	6321
	6322
	6324
	6328
	6329
	6334
	6336
	6341
	6344
	6348
	6349
	6350
	6351
	6352
	6358
	6361
	6362
	6364
	6365
	6367
	6368
7849
	6093
	6095
	6099
	6103
	6105
	6108
	6109
	6112
	6115
	6116
	6117
	6119
	6120
	6122
	6123
	6125
	6127
	6128
	6129
	6130
	6131
	6132
	6136
	6138
	6140
	6141
	6144
	6145
	6146
	6147
	6149
	6150
	6153
	6156
	6158
	6162
	6163
	6166
	6167
	6168
	6170
	6171
	6173
	6174
	6176
	6177
	6180
	6181
	6183
	6184
	6187
	6189
	6192
	6197
	6198
	6202
	6203
	6204
	6205
	6206
	6208
	6211
	6212
	6214
	6215
	6216
	6217
	6219
	6220
	6221
	6223
	6224
	6226
	6230
	6231
	6232
	6233
	6235
	6236
	6238
	6240
	6242
	6243
	6244
	6245
	6246
	6247
	6253
	6254
	6255
	6258
	6264
	6265
	6267
	6268
	6269
	6270
	6271
	6272
	6276
	6277
	6279
	6282
	6283
	6284
	6285
	6287
	6291
	6296
	6298
	6300
	6301
	6302
	6304
	6307
	6308
	6310
	6311
	6312
	6313
	6314
	6316
	6317
	6320
	6325
	6326
	6327
	6329
	6330
	6334
	6335
	6337
	6339
	6340
	6342
	6343
	6346
	6351
	6354
	6356
	6358
	6361
	6362
	6365
	6367
	6368
7850
	6089
	6090
	6091
	6093
	6095
	6096
	6097
	6098
	6099
	6101
	6104
	6106
	6108
	6110
	6112
	6116
	6117
	6118
	6119
	6122
	6124
	6126
	6127
	6129
	6130
	6131
	6133
	6134
	6136
	6138
	6141
	6142
	6143
	6146
	6147
	6148
	6154
	6155
	6158
	6162
	6163
	6165
	6167
	6172
	6179
	6182
	6187
	6188
	6189
	6190
	6194
	6197
	6198
	6199
	6201
	6202
	6204
	6205
	6206
	6208
	6209
	6211
	6219
	6226
	6227
	6230
	6231
	6233
	6235
	6236
	6240
	6241
	6242
	6252
	6253
	6254
	6256
	6260
	6264
	6265
	6266
	6271
	6272
	6276
	6279
	6280
	6281
	6283
	6288
	6290
	6294
	6295
	6297
	6299
	6301
	6304
	6305
	6307
	6309
	6312
	6313
	6314
	6315
	6316
	6317
	6318
	6322
	6323
	6326
	6330
	6332
	6334
	6337
	6338
	6339
	6340
	6342
	6343
	6344
	6346
	6347
	6349
	6350
	6351
	6352
	6354
	6356
	6358
	6361
	6362
	6364
	6365
	6366
7851
	6091
	6092
	6096
	6097
	6103
	6104
	6106
	6109
	6112
	6115
	6119
	6121
	6122
	6124
	6126
	6128
	6133
	6134
	6135
	6136
	6139
	6140
	6141
	6142
	6143
	6147
	6151
	6152
	6153
	6154
	6155
	6156
	6157
	6160
	6161
	6165
	6167
	6168
	6169
	6170
	6171
	6172
	6174
	6178
	6180
	6182
	6183
	6187
	6188
	6189
	6190
	6192
	6193
	6194
	6196
	6197
	6205
	6209
	6210
	6212
	6213
	6214
	6218
	6219
	6220
	6221
	6228
	6229
	6231
	6233
	6235
	6236
	6237
	6243
	6245
	6246
	6249
	6250
	6251
	6253
	6255
	6257
	6260
	6261
	6263
	6266
	6267
	6268
	6270
	6273
	6278
	6279
	6281
	6282
	6287
	6291
	6292
	6295
	6296
	6297
	6298
	6299
	6300
	6301
	6302
	6308
	6313
	6316
	6317
	6318
	6319
	6320
	6321
	6322
	6324
	6327
	6328
	6329
	6332
	6337
	6338
	6340
	6348
	6349
	6352
	6353
	6354
	6355
	6356
	6357
	6358
	6360
	6363
	6366
7852
	6090
	6092
	6093
	6096
	6099
	6100
	6105
	6106
	6107
	6108
	6110
	6111
	6112
	6115
	6119
	6120
	6121
	6122
	6123
	6124
	6128
	6131
	6133
	6134
	6136
	6137
	6138
	6141
	6143
	6144
	6146
	6147
	6148
	6149
	6150
	6151
	6152
	6153
	6157
	6159
	6160
	6161
	6162
	6163
	6165
	6170
	6174
	6175
	6178
	6180
	6181
	6183
	6186
	6187
	6193
	6198
	6200
	6201
	6204
	6208
	6212
	6214
	6215
	6216
	6217
	6218
	6220
	6227
	6230
	6234
	6239
	6240
	6241
	6248
	6250
	6251
	6252
	6253
	6260
	6261
	6262
	6263
	6264
	6266
	6268
	6269
	6270
	6271
	6272
	6274
	6276
	6277
	6279
	6280
	6282
	6286
	6287
	6291
	6292
	6295
	6296
	6297
	6298
	6299
	6303
	6304
	6309
	6312
	6314
	6315
	6316
	6318
	6321
	6331
	6333
	6337
	6338
	6339
	6341
	6348
	6349
	6350
	6351
	6356
	6359
	6361
	6363
	6364
	6366
	6367
7853
	6090
	6094
	6095
	6098
	6101
	6102
	6105
	6106
	6107
	6109
	6110
	6111
	6113
	6115
	6117
	6121
	6123
	6125
	6126
	6127
	6130
	6131
	6132
	6137
	6139
	6141
	6143
	6148
	6152
	6154
	6155
	6156
	6158
	6159
	6160
	6162
	6166
	6167
	6168
	6170
	6171
	6172
	6173
	6174
	6176
	6177
	6181
	6182
	6184
	6190
	6198
	6200
	6203
	6206
	6208
	6210
	6212
	6213
	6215
	6218
	6219
	6220
	6223
	6230
	6234
	6236
	6238
	6239
	6241
	6243
	6245
	6246
	6247
	6255
	6256
	6259
	6262
	6264
	6265
	6266
	6268
	6270
	6272
	6273
	6276
	6278
	6283
	6285
	6286
	6287
	6288
	6292
	6293
	6297
	6301
	6304
	6306
	6307
	6308
	6313
	6314
	6315
	6316
	6317
	6319
	6320
	6322
	6325
	6326
	6329
	6332
	6336
	6338
	6355
	6357
	6358
	6359
	6362
	6363
	6364
	6365
	6366
	6367
7854
	6092
	6093
	6094
	6096
	6098
	6099
	6101
	6102
	6104
	6105
	6106
	6107
	6109
	6110
	6111
	6116
	6119
	6120
	6123
	6128
	6129
	6133
	6134
	6137
	6138
	6140
	6141
	6142
	6143
	6148
	6149
	6150
	6152
	6153
	6155
	6156
	6157
	6164
	6167
	6168
	6171
	6172
	6173
	6174
	6175
	6176
	6177
	6178
	6181
	6183
	6185
	6190
	6192
	6193
	6199
	6201
	6204
	6206
	6208
	6209
	6210
	6216
	6219
	6220
	6221
	6223
	6230
	6231
	6232
	6234
	6237
	6239
	6241
	6242
	6243
	6245
	6250
	6251
	6253
	6254
	6255
	6259
	6262
	6263
	6264
	6265
	6269
	6272
	6275
	6277
	6281
	6284
	6286
	6287
	6288
	6289
	6290
	6291
	6294
	6295
	6296
	6298
	6300
	6303
	6308
	6310
	6311
	6313
	6314
	6316
	6320
	6322
	6325
	6328
	6329
	6331
	6332
	6333
	6335
	6361
	6363
	6365
	6366
	6367
7855
	6091
	6092
	6094
	6097
	6099
	6101
	6102
	6103
	6105
	6108
	6110
	6113
	6117
	6118
	6119
	6124
	6125
	6129
	6130
	6132
	6133
	6134
	6138
	6139
	6140
	6142
	6144
	6145
	6148
	6150
	6152
	6154
	6155
	6159
	6160
	6161
	6164
	6165
	6173
	6175
	6178
	6179
	6180
	6181
	6182
	6184
	6185
	6187
	6188
	6189
	6190
	6192
	6194
	6195
	6197
	6201
	6204
	6205
	6208
	6209
	6212
	6213
	6214
	6219
	6220
	6221
	6230
	6233
	6236
	6238
	6240
	6245
	6246
	6250
	6252
	6253
	6259
	6262
	6263
	6265
	6266
	6268
	6272
	6275
	6282
	6284
	6285
	6287
	6288
	6289
	6296
	6298
	6300
	6302
	6304
	6305
	6306
	6312
	6315
	6321
	6322
	6324
	6329
	6331
	6367
7856
	6091
	6095
	6096
	6097
	6098
	6100
	6101
	6103
	6104
	6107
	6108
	6110
	6115
	6120
	6122
	6129
	6131
	6134
	6137
	6138
	6140
	6141
	6145
	6146
	6147
	6148
	6149
	6150
	6151
	6153
	6157
	6159
	6161
	6162
	6164
	6165
	6166
	6167
	6169
	6172
	6174
	6175
	6176
	6179
	6180
	6184
	6188
	6192
	6194
	6195
	6198
	6199
	6200
	6202
	6210
	6212
	6216
	6217
	6218
	6219
	6221
	6238
	6241
	6243
	6244
	6246
	6248
	6250
	6254
	6262
	6266
	6267
	6269
	6270
	6271
	6272
	6273
	6274
	6279
	6280
	6283
	6284
	6285
	6286
	6288
	6290
	6291
	6293
	6294
	6295
	6296
	6298
	6299
	6301
	6302
	6303
	6304
	6305
	6306
	6308
	6309
	6310
	6311
	6313
	6316
	6318
	6319
	6320
	6323
	6324
	6325
	6326
	6329
	6332
7857
	6092
	6093
	6094
	6095
	6097
	6099
	6102
	6105
	6106
	6108
	6112
	6113
	6114
	6116
	6119
	6120
	6121
	6122
	6124
	6125
	6126
	6128
	6130
	6131
	6132
	6133
	6134
	6139
	6146
	6147
	6148
	6150
	6153
	6155
	6158
	6164
	6165
	6168
	6169
	6171
	6172
	6173
	6174
	6175
	6178
	6179
	6181
	6183
	6184
	6186
	6187
	6188
	6189
	6190
	6194
	6196
	6198
	6202
	6204
	6205
	6211
	6212
	6213
	6214
	6216
	6217
	6218
	6220
	6232
	6233
	6235
	6236
	6237
	6240
	6241
	6242
	6245
	6248
	6250
	6251
	6252
	6254
	6257
	6258
	6259
	6260
	6262
	6263
	6268
	6269
	6271
	6273
	6275
	6278
	6279
	6282
	6284
	6286
	6288
	6292
	6294
	6295
	6296
	6299
	6300
	6304
	6305
	6306
	6308
	6309
	6310
	6312
	6313
	6316
	6318
	6322
	6325
	6327
7858
	6091
	6097
	6098
	6100
	6101
	6104
	6106
	6107
	6110
	6111
	6121
	6123
	6124
	6125
	6126
	6127
	6128
	6129
	6130
	6131
	6132
	6133
	6134
	6135
	6137
	6139
	6140
	6141
	6142
	6143
	6144
	6145
	6147
	6148
	6151
	6153
	6154
	6156
	6157
	6162
	6163
	6165
	6172
	6180
	6181
	6183
	6184
	6186
	6189
	6191
	6192
	6193
	6194
	6195
	6197
	6200
	6203
	6205
	6207
	6213
	6216
	6217
	6220
	6222
	6223
	6233
	6234
	6239
	6240
	6241
	6246
	6248
	6249
	6250
	6252
	6254
	6256
	6258
	6259
	6261
	6262
	6265
	6266
	6267
	6269
	6271
	6272
	6273
	6274
	6278
	6279
	6281
	6289
	6291
	6292
	6293
	6294
	6296
	6297
	6298
	6299
	6302
	6303
	6305
	6309
	6311
	6312
	6313
	6314
	6315
	6316
	6319
	6321
	6324
	6329
7859
	6091
	6093
	6094
	6095
	6096
	6100
	6101
	6102
	6103
	6104
	6105
	6107
	6111
	6114
	6115
	6116
	6117
	6119
	6120
	6122
	6126
	6127
	6131
	6134
	6135
	6137
	6138
	6141
	6142
	6143
	6144
	6146
	6147
	6149
	6151
	6152
	6154
	6158
	6160
	6161
	6163
	6166
	6167
	6168
	6169
	6172
	6175
	6177
	6178
	6184
	6187
	6188
	6190
	6195
	6196
	6198
	6199
	6200
	6202
	6206
	6208
	6209
	6210
	6211
	6212
	6214
	6217
	6218
	6220
	6221
	6222
	6234
	6235
	6236
	6237
	6239
	6241
	6242
	6244
	6246
	6247
	6249
	6252
	6253
	6254
	6258
	6259
	6262
	6263
	6264
	6267
	6268
	6269
	6271
	6272
	6273
	6276
	6279
	6282
	6285
	6286
	6287
	6288
	6289
	6296
	6297
	6302
	6304
	6306
	6309
	6315
	6317
	6320
	6323
	6328
	6329
7860
	6091
	6094
	6095
	6097
	6098
	6099
	6101
	6105
	6106
	6107
	6109
	6110
	6115
	6116
	6117
	6118
	6119
	6121
	6124
	6125
	6126
	6128
	6129
	6134
	6136
	6137
	6138
	6140
	6144
	6145
	6146
	6149
	6152
	6153
	6156
	6157
	6159
	6162
	6165
	6172
	6175
	6178
	6179
	6180
	6183
	6184
	6185
	6186
	6188
	6192
	6193
	6195
	6196
	6197
	6198
	6205
	6206
	6209
	6210
	6211
	6212
	6214
	6218
	6220
	6221
	6222
	6234
	6243
	6245
	6248
	6249
	6250
	6253
	6254
	6256
	6257
	6258
	6259
	6263
	6268
	6270
	6273
	6274
	6280
	6281
	6284
	6285
	6286
	6287
	6298
	6299
	6300
	6301
	6303
	6306
	6308
	6309
	6318
	6319
	6320
	6322
	6324
	6326
	6327
7861
	6091
	6095
	6096
	6098
	6100
	6101
	6102
	6104
	6107
	6109
	6110
	6111
	6112
	6113
	6114
	6116
	6117
	6119
	6120
	6121
	6127
	6130
	6131
	6134
	6137
	6138
	6141
	6142
	6144
	6145
	6146
	6148
	6149
	6152
	6153
	6155
	6157
	6158
	6159
	6163
	6168
	6169
	6170
	6172
	6173
	6174
	6175
	6176
	6177
	6179
	6180
	6181
	6183
	6184
	6188
	6192
	6194
	6200
	6202
	6203
	6204
	6205
	6206
	6207
	6210
	6213
	6217
	6218
	6221
	6243
	6245
	6249
	6250
	6251
	6254
	6255
	6257
	6258
	6261
	6264
	6266
	6267
	6269
	6272
	6275
	6276
	6277
	6278
	6279
	6280
	6282
	6283
	6285
	6286
	6300
	6302
	6303
	6304
	6305
	6306
	6308
	6310
	6316
	6322
	6323
	6325
7862
	6090
	6093
	6094
	6096
	6097
	6098
	6102
	6104
	6105
	6107
	6108
	6113
	6114
	6116
	6117
	6121
	6122
	6123
	6124
	6125
	6127
	6128
	6130
	6132
	6134
	6135
	6138
	6140
	6142
	6143
	6144
	6147
	6148
	6152
	6153
	6154
	6158
	6160
	6161
	6162
	6163
	6165
	6170
	6177
	6178
	6184
	6185
	6186
	6188
	6194
	6196
	6199
	6201
	6202
	6208
	6209
	6211
	6213
	6217
	6219
	6220
	6221
	6244
	6245
	6246
	6247
	6250
	6251
	6252
	6253
	6255
	6257
	6258
	6260
	6261
	6264
	6267
	6268
	6270
	6271
	6272
	6274
	6276
	6277
	6299
	6300
	6301
	6302
	6303
	6304
	6305
	6310
	6312
	6314
	6315
	6316
	6318
	6319
7863
	6092
	6095
	6099
	6100
	6101
	6103
	6104
	6105
	6106
	6109
	6111
	6112
	6116
	6117
	6119
	6120
	6123
	6124
	6126
	6127
	6129
	6133
	6134
	6135
	6136
	6137
	6138
	6141
	6142
	6149
	6153
	6155
	6159
	6161
	6162
	6163
	6165
	6166
	6168
	6174
	6177
	6178
	6179
	6181
	6182
	6188
	6190
	6192
	6196
	6197
	6198
	6200
	6206
	6210
	6211
	6215
	6216
	6218
	6221
	6251
	6254
	6262
	6263
	6264
	6265
	6267
	6268
	6269
	6271
	6273
	6274
	6276
	6300
	6302
	6305
	6307
	6308
	6310
	6311
	6312
	6314
	6316
	6317
	6320
7864
	6084
	6086
	6088
	6091
	6092
	6096
	6097
	6100
	6101
	6102
	6105
	6107
	6110
	6113
	6114
	6115
	6116
	6117
	6118
	6127
	6128
	6133
	6134
	6135
	6140
	6143
	6145
	6149
	6152
	6153
	6155
	6158
	6159
	6162
	6163
	6167
	6168
	6169
	6172
	6173
	6176
	6179
	6181
	6182
	6183
	6185
	6186
	6187
	6188
	6189
	6190
	6191
	6192
	6194
	6195
	6196
	6197
	6198
	6204
	6206
	6207
	6208
	6209
	6211
	6212
	6214
	6215
	6217
	6219
	6220
	6221
	6251
	6252
	6254
	6255
	6256
	6257
	6258
	6260
	6261
	6263
	6264
	6266
	6270
	6273
	6274
	6275
	6276
	6300
	6301
	6304
	6306
	6309
	6318
	6319
7865
	6083
	6084
	6085
	6087
	6089
	6090
	6092
	6094
	6097
	6098
	6100
	6101
	6103
	6104
	6106
	6107
	6109
	6110
	6112
	6113
	6115
	6119
	6122
	6127
	6130
	6131
	6135
	6136
	6137
	6138
	6140
	6143
	6144
	6145
	6146
	6152
	6155
	6158
	6159
	6160
	6162
	6163
	6164
	6166
	6168
	6169
	6171
	6172
	6173
	6176
	6177
	6180
	6183
	6189
	6191
	6193
	6194
	6195
	6196
	6197
	6198
	6199
	6206
	6210
	6211
	6212
	6214
	6216
	6217
	6220
	6221
	6223
	6252
	6254
	6258
	6259
	6262
	6267
	6268
	6269
	6270
	6271
	6272
	6274
	6302
	6303
	6304
	6305
	6306
	6308
	6309
	6313
	6316
	6318
7866
	6082
	6085
	6086
	6090
	6091
	6093
	6098
	6100
	6101
	6104
	6105
	6106
	6109
	6111
	6114
	6117
	6119
	6120
	6121
	6123
	6125
	6127
	6128
	6129
	6130
	6133
	6134
	6135
	6137
	6138
	6139
	6141
	6143
	6146
	6147
	6150
	6151
	6152
	6153
	6155
	6156
	6157
	6158
	6159
	6160
	6161
	6162
	6165
	6166
	6167
	6168
	6171
	6172
	6174
	6176
	6178
	6179
	6180
	6181
	6183
	6184
	6186
	6187
	6189
	6191
	6193
	6196
	6197
	6201
	6203
	6204
	6208
	6211
	6213
	6214
	6216
	6217
	6218
	6220
	6222
	6251
	6254
	6255
	6256
	6258
	6263
	6264
	6265
	6266
	6269
	6270
	6272
	6304
	6310
	6311
	6312
	6313
	6315
	6318
	6319
	6320
7867
	6086
	6087
	6089
	6090
	6092
	6094
	6095
	6096
	6101
	6104
	6105
	6107
	6109
	6113
	6116
	6118
	6119
	6120
	6121
	6122
	6124
	6128
	6129
	6130
	6132
	6134
	6135
	6136
	6138
	6140
	6146
	6147
	6148
	6149
	6150
	6154
	6155
	6156
	6157
	6162
	6167
	6168
	6169
	6170
	6171
	6172
	6175
	6176
	6177
	6179
	6182
	6184
	6185
	6186
	6192
	6193
	6194
	6195
	6198
	6199
	6200
	6201
	6203
	6205
	6208
	6209
	6210
	6211
	6213
	6214
	6215
	6216
	6217
	6218
	6220
	6222
	6252
	6255
	6260
	6263
	6264
	6265
	6268
	6270
	6271
	6273
	6306
	6308
	6312
	6314
	6317
	6319
7868
	6083
	6087
	6095
	6096
	6098
	6099
	6100
	6104
	6105
	6106
	6109
	6111
	6112
	6118
	6120
	6122
	6126
	6127
	6136
	6137
	6139
	6140
	6141
	6146
	6147
	6148
	6149
	6153
	6154
	6159
	6160
	6164
	6166
	6172
	6173
	6176
	6178
	6179
	6181
	6183
	6184
	6185
	6188
	6191
	6192
	6193
	6194
	6195
	6196
	6200
	6205
	6208
	6210
	6213
	6215
	6219
	6221
	6222
	6256
	6257
	6258
	6259
	6260
	6261
	6262
	6263
	6269
	6270
	6271
	6309
	6310
	6311
	6316
7869
	6084
	6085
	6086
	6087
	6089
	6090
	6091
	6093
	6095
	6096
	6098
	6110
	6111
	6112
	6114
	6115
	6116
	6117
	6120
	6121
	6123
	6124
	6126
	6127
	6129
	6132
	6133
	6134
	6135
	6136
	6137
	6138
	6140
	6142
	6143
	6144
	6145
	6146
	6147
	6154
	6155
	6156
	6157
	6162
	6164
	6167
	6168
	6169
	6170
	6172
	6174
	6176
	6177
	6179
	6180
	6182
	6183
	6190
	6191
	6192
	6198
	6200
	6206
	6210
	6212
	6213
	6215
	6216
	6218
	6219
	6220
	6221
	6222
	6255
	6257
	6258
	6259
	6260
	6261
	6263
	6266
	6267
	6270
	6311
	6313
	6314
	6315
	6316
7870
	6086
	6088
	6091
	6094
	6095
	6096
	6097
	6104
	6107
	6108
	6109
	6110
	6111
	6112
	6113
	6115
	6119
	6123
	6125
	6126
	6129
	6132
	6137
	6138
	6140
	6141
	6142
	6147
	6149
	6150
	6151
	6153
	6155
	6158
	6159
	6160
	6161
	6162
	6163
	6165
	6166
	6168
	6170
	6171
	6174
	6175
	6178
	6179
	6181
	6182
	6186
	6189
	6190
	6191
	6194
	6195
	6196
	6197
	6198
	6201
	6203
	6206
	6207
	6210
	6213
	6214
	6217
	6218
	6219
	6220
	6222
	6256
	6257
	6260
	6261
	6267
	6268
	6309
	6311
	6312
	6313
	6316
	6318
7871
	6084
	6087
	6088
	6089
	6090
	6091
	6092
	6093
	6095
	6096
	6097
	6098
	6099
	6100
	6101
	6104
	6105
	6106
	6107
	6108
	6109
	6113
	6121
	6123
	6127
	6128
	6129
	6131
	6135
	6136
	6137
	6138
	6139
	6144
	6147
	6148
	6150
	6153
	6155
	6156
	6158
	6160
	6161
	6165
	6166
	6170
	6171
	6173
	6174
	6175
	6176
	6179
	6184
	6185
	6186
	6188
	6189
	6191
	6192
	6199
	6200
	6201
	6204
	6210
	6211
	6212
	6217
	6218
	6255
	6258
	6260
	6265
	6266
	6268
	6269
	6309
	6310
	6312
	6313
	6316
	6318
7872
	6085
	6086
	6087
	6088
	6092
	6094
	6095
	6100
	6101
	6103
	6104
	6105
	6107
	6108
	6109
	6110
	6112
	6113
	6114
	6121
	6122
	6123
	6124
	6125
	6129
	6130
	6132
	6133
	6134
	6135
	6136
	6139
	6140
	6142
	6145
	6149
	6151
	6157
	6158
	6163
	6165
	6166
	6167
	6168
	6171
	6172
	6173
	6174
	6176
	6177
	6179
	6181
	6187
	6188
	6189
	6190
	6193
	6196
	6197
	6200
	6207
	6208
	6209
	6210
	6212
	6214
	6218
	6220
	6221
	6257
	6258
	6259
	6261
	6263
	6264
	6266
	6308
	6311
	6312
	6313
	6317
7873
	6083
	6084
	6088
	6089
	6093
	6094
	6097
	6098
	6101
	6102
	6110
	6112
	6113
	6119
	6120
	6122
	6123
	6124
	6125
	6128
	6129
	6130
	6133
	6134
	6136
	6137
	6138
	6143
	6146
	6148
	6151
	6155
	6156
	6159
	6160
	6162
	6163
	6169
	6174
	6176
	6177
	6178
	6179
	6180
	6182
	6183
	6184
	6186
	6188
	6195
	6199
	6200
	6201
	6203
	6204
	6206
	6207
	6210
	6212
	6214
	6216
	6218
	6220
	6221
	6255
	6256
	6260
	6263
	6264
	6310
	6311
	6312
	6315
	6317
7874
	6085
	6086
	6093
	6095
	6097
	6102
	6109
	6110
	6111
	6113
	6115
	6116
	6117
	6118
	6119
	6120
	6122
	6123
	6125
	6126
	6127
	6128
	6129
	6130
	6132
	6134
	6135
	6137
	6139
	6141
	6144
	6146
	6148
	6150
	6151
	6153
	6154
	6156
	6158
	6159
	6162
	6166
	6167
	6172
	6173
	6177
	6179
	6180
	6182
	6186
	6187
	6188
	6196
	6197
	6198
	6199
	6205
	6209
	6210
	6211
	6256
	6260
	6261
	6262
	6263
	6307
	6308
7875
	6086
	6089
	6090
	6091
	6092
	6093
	6094
	6095
	6096
	6097
	6098
	6103
	6105
	6107
	6108
	6109
	6111
	6116
	6117
	6118
	6122
	6127
	6129
	6130
	6132
	6133
	6135
	6136
	6138
	6143
	6144
	6145
	6146
	6147
	6149
	6151
	6152
	6153
	6157
	6158
	6159
	6160
	6161
	6162
	6164
	6165
	6166
	6168
	6172
	6173
	6174
	6175
	6176
	6178
	6179
	6181
	6188
	6195
	6197
	6199
	6200
	6201
	6202
	6205
	6206
	6209
	6212
	6213
	6260
	6309
	6310
	6312
7876
	6085
	6090
	6091
	6092
	6093
	6094
	6097
	6101
	6104
	6105
	6107
	6112
	6114
	6115
	6119
	6120
	6121
	6122
	6123
	6124
	6126
	6127
	6129
	6130
	6132
	6134
	6137
	6139
	6140
	6141
	6142
	6146
	6148
	6152
	6153
	6155
	6156
	6157
	6158
	6159
	6160
	6162
	6164
	6169
	6170
	6174
	6175
	6178
	6180
	6183
	6184
	6185
	6186
	6187
	6198
	6200
	6201
	6203
	6206
	6207
	6208
	6209
	6307
	6308
7877
	6085
	6087
	6089
	6090
	6091
	6092
	6093
	6094
	6097
	6098
	6099
	6104
	6105
	6106
	6109
	6111
	6112
	6114
	6115
	6120
	6122
	6124
	6126
	6128
	6130
	6131
	6132
	6134
	6135
	6147
	6151
	6152
	6153
	6155
	6161
	6169
	6171
	6173
	6176
	6177
	6178
	6179
	6183
	6197
	6203
	6207
	6208
	6209
7878
	6085
	6086
	6088
	6089
	6091
	6092
	6093
	6095
	6096
	6097
	6099
	6103
	6104
	6105
	6106
	6107
	6108
	6109
	6110
	6111
	6112
	6116
	6118
	6119
	6121
	6122
	6124
	6125
	6129
	6132
	6135
	6138
	6139
	6141
	6144
	6146
	6150
	6151
	6153
	6155
	6156
	6157
	6163
	6164
	6165
	6166
	6174
	6180
	6181
	6187
	6199
	6200
	6203
	6204
	6205
	6208
7879
	6086
	6088
	6089
	6091
	6094
	6096
	6097
	6098
	6100
	6101
	6102
	6103
	6105
	6107
	6113
	6114
	6117
	6118
	6119
	6121
	6123
	6124
	6125
	6127
	6128
	6129
	6130
	6132
	6134
	6136
	6138
	6139
	6140
	6141
	6145
	6149
	6150
	6151
	6152
	6153
	6154
	6155
	6158
	6162
	6166
	6168
	6169
	6170
	6173
	6174
	6177
	6179
	6180
	6185
	6186
	6187
	6201
7880
	6085
	6086
	6087
	6088
	6090
	6092
	6094
	6099
	6102
	6103
	6104
	6105
	6106
	6109
	6111
	6112
	6113
	6115
	6116
	6117
	6120
	6121
	6125
	6126
	6128
	6129
	6131
	6134
	6135
	6137
	6151
	6152
	6154
	6155
	6158
	6159
	6160
	6162
	6163
	6167
	6171
	6172
	6173
	6175
	6176
	6178
	6181
	6182
7881
	6084
	6085
	6086
	6088
	6092
	6094
	6101
	6110
	6111
	6112
	6113
	6116
	6117
	6119
	6121
	6126
	6127
	6132
	6133
	6134
	6136
	6137
	6138
	6149
	6154
	6156
	6159
	6165
	6170
	6172
	6179
	6181
7882
	6082
	6084
	6085
	6090
	6091
	6092
	6093
	6094
	6095
	6096
	6097
	6098
	6099
	6100
	6105
	6106
	6108
	6109
	6110
	6114
	6115
	6119
	6121
	6122
	6127
	6128
	6129
	6132
	6135
	6136
	6137
	6139
	6150
	6152
	6160
	6161
	6162
	6163
	6164
	6165
	6170
	6180
	6181
	6182
7883
	6082
	6083
	6085
	6086
	6089
	6092
	6093
	6102
	6103
	6106
	6111
	6114
	6117
	6120
	6122
	6123
	6125
	6128
	6130
	6132
	6134
	6136
	6139
	6181
7884
	6083
	6086
	6090
	6091
	6093
	6095
	6096
	6100
	6102
	6105
	6109
	6110
	6113
	6115
	6117
	6120
	6121
	6124
	6128
	6129
	6130
	6132
	6133
	6136
7885
	6086
	6087
	6088
	6089
	6090
	6093
	6095
	6097
	6098
	6099
	6100
	6103
	6104
	6105
	6106
	6109
	6115
	6116
	6117
	6118
	6119
	6120
	6121
	6123
	6125
	6129
	6132
7886
	6089
	6092
	6093
	6097
	6098
	6099
	6100
	6101
	6102
	6104
	6108
	6109
	6110
	6111
	6115
	6118
	6119
	6122
	6126
	6128
	6129
	6131
	6132
7887
	6086
	6087
	6088
	6089
	6091
	6092
	6093
	6096
	6097
	6098
	6099
	6100
	6101
	6102
	6106
	6107
	6110
	6111
	6112
	6113
	6117
	6118
	6121
	6122
	6124
	6125
	6126
	6127
	6128
	6131
7888
	6088
	6090
	6092
	6093
	6094
	6096
	6099
	6103
	6106
	6110
	6117
	6118
	6121
	6125
	6126
	6129
7889
	6087
	6089
	6091
	6092
	6094
	6096
	6097
	6098
	6099
	6102
	6103
	6104
	6107
	6108
	6109
	6112
	6114
	6115
	6116
	6117
	6118
	6123
	6126
7890
	6085
	6087
	6088
	6089
	6092
	6094
	6095
	6096
	6098
	6100
	6101
	6103
	6104
	6105
	6111
	6113
	6114
	6121
	6122
	6123
	6127
7891
	6088
	6089
	6090
	6091
	6092
	6095
	6096
	6097
	6098
	6102
	6103
	6107
	6109
	6112
	6114
	6117
	6118
	6119
	6120
	6122
	6126
	6127
	6128
7892
	6084
	6085
	6088
	6092
	6095
	6097
	6098
	6100
	6105
	6106
	6107
	6108
	6109
	6110
	6111
	6114
	6115
	6116
	6118
	6123
	6125
	6128
7893
	6084
	6085
	6087
	6092
	6093
	6096
	6097
	6102
	6105
	6106
	6108
	6110
	6112
	6114
	6116
	6117
	6119
	6121
	6122
	6123
	6125
	6126
	6127
	6128
7894
	6085
	6090
	6092
	6095
	6099
	6105
	6106
	6109
	6111
	6112
	6117
	6118
	6119
	6122
	6126
7895
	6090
	6091
	6102
	6104
	6106
	6107
	6112
	6113
	6116
	6121
7896
	6103
	6105
	6107
	6108
	6109
	6112
	6113
	6115
	6116
	6117
	6118
	6119
	6121
	6123
	6125
7897
	6102
	6104
	6105
	6106
	6107
	6108
	6112
	6113
	6114
	6115
	6118
	6119
	6120
	6123
	6125
7898
	6102
	6103
	6104
	6105
	6107
	6108
	6109
	6112
	6113
	6114
	6115
	6117
	6118
	6121
	6122
	6123
	6124
7899
	6102
	6103
	6104
	6106
	6109
	6113
	6114
	6115
	6116
	6117
	6119
	6122
	6123
	6124
7900
	6104
	6106
	6110
	6113
	6114
	6115
	6116
	6117
	6120
7901
	6101
	6102
	6104
	6106
	6108
	6109
	6113
	6118
7902
	6103
	6104
	6106
	6108
	6109
	6114
	6115
	6116
	6117
7903
	6102
	6104
	6106
	6107
	6110
	6111
	6112
	6113
	6114
	6115
	6117
	6118
7904
	6105
	6107
	6109
	6110
	6111
	6112
	6113
	6115
7905
	6102
	6104
	6105
	6106
	6108
	6110
	6112
	6114
	6115
	6117
7906
	6104
	6107
	6108
	6109
7907
	6104
	6105
	6106
	6109
	6110
	6111
	6112
7908
	6106
	6107
	6108
	6110
7909
	6106
	6108
7910
	6108